91.811 53.788 208.095 53.881 150.094 164.331
100.001 55.559 207.430 48.227 142.569 168.215
91.327 59.293 215.097 52.955 143.576 159.752
107.125 60.487 210.184 43.409 132.692 168.104
85.241 51.240 206.212 59.673 158.547 161.087
104.770 50.094 197.960 47.400 147.270 174.506
81.616 58.845 216.728 60.480 151.657 152.675
79.629 54.614 211.602 63.266 158.768 154.120
99.118 63.124 216.686 47.530 134.196 161.346
79.783 54.742 211.761 63.085 158.456 154.173
83.697 58.240 215.681 58.854 150.622 154.906
80.763 60.323 218.567 60.984 150.670 150.694
90.160 46.270 197.611 58.336 162.229 167.394
83.083 63.680 221.942 58.721 144.975 149.599
94.649 55.935 209.943 51.405 145.409 164.659
78.802 67.106 225.960 62.408 145.238 142.486
77.243 50.645 206.014 67.165 166.743 154.190
85.596 60.899 218.418 56.938 145.986 154.164
90.929 59.772 215.773 53.159 143.298 159.070
80.841 60.941 219.264 60.837 149.895 150.221
90.497 60.023 216.189 53.426 143.314 158.552
92.858 58.028 213.117 52.132 144.025 161.841
89.497 55.422 210.884 55.045 149.618 161.533
91.021 58.614 214.387 53.279 144.592 160.107
82.798 58.256 215.849 59.591 151.354 154.153
92.446 61.814 217.628 51.875 139.927 158.312
87.314 54.482 210.217 56.918 152.469 160.600
97.798 50.873 202.053 51.020 150.149 170.107
97.056 58.857 212.639 49.291 140.304 163.852
90.702 60.212 216.348 53.256 142.950 158.532
98.863 58.659 211.703 48.233 139.433 165.108
87.316 53.963 209.532 57.073 153.152 160.964
99.342 54.277 206.051 48.956 144.607 168.767
83.176 57.397 214.741 59.452 152.082 155.151
84.393 56.502 213.417 58.663 152.190 156.836
84.719 57.673 214.805 58.142 150.475 156.185
88.977 55.307 210.876 55.453 150.148 161.240
90.140 61.945 218.462 53.457 141.398 156.598
90.089 56.434 212.000 54.373 147.911 161.193
94.114 59.047 213.916 51.124 141.970 161.830
82.389 64.628 223.048 59.263 144.563 148.109
93.953 56.761 211.211 51.666 144.836 163.573
87.673 60.795 217.827 55.369 144.501 155.836
90.944 62.955 219.336 52.812 139.719 156.233
90.937 60.263 216.337 53.085 142.726 158.652
86.619 57.443 214.127 56.707 149.254 157.850
90.999 54.796 209.656 54.150 149.345 163.054
90.914 57.379 212.930 53.587 146.156 161.034
81.160 57.778 215.497 61.077 153.343 153.145
89.632 58.872 215.089 54.214 145.279 158.914
96.530 54.563 207.515 50.572 145.955 166.865
98.276 61.125 214.798 48.225 136.926 162.650
89.508 59.610 215.989 54.186 144.503 158.204
83.713 55.625 212.423 59.437 153.864 156.939
95.307 57.405 211.534 50.655 143.159 163.939
83.875 55.534 212.279 59.329 153.846 157.137
70.607 64.726 223.350 70.688 156.043 136.586
72.385 60.321 218.696 69.121 158.919 142.558
79.839 56.496 214.036 62.539 156.124 152.965
75.912 61.787 220.543 65.284 153.545 144.929
79.691 57.763 215.633 62.376 154.675 151.861
88.020 64.257 221.518 54.845 140.461 152.898
75.341 61.569 220.298 65.872 154.361 144.558
82.545 68.451 226.814 59.217 140.641 144.332
108.954 65.172 214.487 42.043 126.559 164.785
78.974 63.189 221.938 62.289 149.088 146.521
97.005 62.681 217.015 48.848 135.980 160.471
95.593 59.766 214.242 50.061 140.165 162.173
85.368 67.681 225.575 56.885 139.057 147.434
91.995 59.753 215.429 52.428 142.576 159.819
97.989 62.145 216.052 48.292 135.959 161.563
86.772 48.589 202.004 59.663 161.224 163.748
82.366 59.967 217.940 59.666 149.694 152.367
94.949 57.756 212.087 50.814 142.964 163.429
85.994 62.702 220.332 56.461 143.674 152.837
94.949 57.756 212.087 50.814 142.964 163.429
87.312 58.839 215.646 55.920 147.042 157.242
83.616 59.980 217.751 58.632 148.633 153.388
79.037 63.475 222.239 62.216 148.724 146.309
78.971 64.106 222.912 62.248 148.118 145.646
82.972 64.397 222.716 58.785 144.312 148.817
100.178 65.289 218.569 46.791 131.252 159.921
88.419 54.769 210.324 56.009 151.256 161.222
86.627 54.831 210.828 57.342 152.545 159.828
94.506 55.408 209.324 51.629 146.169 164.963
84.471 53.946 210.092 59.311 155.437 158.743
85.663 54.772 210.956 58.108 153.381 159.120
86.294 58.769 215.799 56.704 147.907 156.527
93.046 61.902 217.535 51.463 139.419 158.635
92.332 62.218 218.110 51.915 139.558 157.867
80.849 61.535 219.931 60.765 149.219 149.701
77.794 61.349 219.994 63.531 152.211 147.120
90.402 45.445 196.208 58.657 163.390 167.898
84.942 44.450 195.523 63.725 169.535 163.826
91.507 61.876 217.987 52.509 140.506 157.615
93.397 62.912 218.529 51.145 138.074 157.943
98.046 59.590 213.122 48.570 138.831 163.840
91.006 45.690 196.456 58.061 162.538 168.249
94.353 65.948 221.409 50.396 134.238 155.656
79.628 58.185 216.156 62.346 154.217 151.469
83.543 62.371 220.453 58.428 146.004 151.201
83.914 60.881 218.728 58.274 147.358 152.846
83.672 61.851 219.858 58.368 146.470 151.782
95.639 62.384 217.186 49.730 137.175 159.886
73.162 47.151 199.626 74.000 177.212 150.850
142.716 43.687 162.253 38.784 145.031 189.529
81.473 57.360 214.943 60.896 153.584 153.743
106.210 48.955 195.622 47.147 148.168 175.898
97.782 62.353 216.361 48.398 135.856 161.249
127.940 61.720 199.535 34.611 122.525 175.669
105.023 68.251 219.515 44.040 125.462 159.709
85.057 78.299 234.684 58.821 130.258 134.880
81.547 60.646 218.837 60.267 149.616 151.087
79.384 56.187 213.679 63.031 156.937 152.782
95.605 63.829 218.765 49.650 135.630 158.521
98.977 57.332 210.057 48.418 140.966 166.250
97.604 69.273 223.554 48.397 128.842 154.330
83.349 59.942 217.752 58.855 148.899 153.203
80.344 62.462 221.016 61.121 148.640 148.417
80.517 62.363 220.888 60.978 148.596 148.659
80.821 62.034 220.489 60.741 148.690 149.225
91.202 58.972 214.757 53.093 144.042 159.935
91.559 63.973 220.244 52.327 138.197 155.700
76.111 49.992 204.943 68.685 168.945 153.323
69.791 59.914 217.805 72.152 162.403 139.934
92.541 73.567 229.144 52.171 128.315 146.262
79.423 45.587 197.762 68.098 172.815 158.315
81.061 65.040 223.660 60.382 145.279 146.578
77.943 53.198 209.744 65.346 162.312 153.456
82.795 65.563 223.944 58.914 143.261 147.522
72.341 68.826 227.577 68.907 150.082 134.268
77.845 53.362 209.975 65.379 162.180 153.259
99.205 66.695 220.404 47.347 130.391 157.958
94.458 68.584 223.992 50.380 131.550 153.035
94.130 69.584 225.055 50.655 130.816 151.761
82.868 57.686 215.145 59.646 151.987 154.668
83.293 48.331 202.155 62.689 164.552 160.979
95.869 59.600 213.950 49.912 140.181 162.488
85.258 58.220 215.362 57.608 149.380 156.172
94.773 61.693 216.724 50.349 138.503 159.958
93.850 60.575 215.777 51.076 140.373 160.349
93.618 57.506 212.237 51.729 144.145 162.766
90.758 63.370 219.838 52.915 139.404 155.715
88.191 54.333 209.811 56.304 151.998 161.363
99.002 56.590 209.132 48.564 141.866 166.846
81.893 57.405 214.943 60.527 153.164 154.068
93.410 62.784 218.385 51.146 138.205 158.070
93.499 61.388 216.814 51.213 139.687 159.399
73.540 62.876 221.686 67.586 154.774 141.538
91.690 63.481 219.680 52.262 138.630 156.257
93.108 60.151 215.536 51.622 141.356 160.227
93.798 61.947 217.337 50.960 138.865 159.093
96.238 62.118 216.677 49.375 137.085 160.507
94.788 62.797 217.937 50.242 137.276 158.961
82.203 61.811 220.055 59.584 147.742 150.605
77.288 56.731 214.480 64.853 158.232 150.417
90.545 60.122 216.290 53.378 143.165 158.500
80.216 61.515 219.983 61.319 149.801 149.166
86.150 60.379 217.707 56.573 146.143 155.048
83.855 56.171 213.096 59.180 153.049 156.649
82.797 58.923 216.647 59.471 150.556 153.606
87.430 60.778 217.867 55.552 144.703 155.670
84.896 61.092 218.780 57.465 146.324 153.444
82.716 59.595 217.452 59.429 149.832 152.976
84.623 62.159 220.021 57.577 145.356 152.264
77.217 57.631 215.616 64.703 157.167 149.666
91.152 61.703 217.901 52.771 140.947 157.526
102.824 60.175 211.818 45.727 135.357 166.098
77.444 62.471 221.259 63.750 151.296 145.778
74.669 64.639 223.607 66.339 151.724 141.022
76.685 64.126 223.064 64.374 150.251 143.500
90.572 63.437 219.963 53.042 139.465 155.521
81.560 65.079 223.634 59.954 144.805 146.967
97.638 58.457 211.942 49.005 140.420 164.539
88.898 48.973 202.119 57.836 158.983 165.191
81.049 57.529 215.204 61.226 153.747 153.245
84.312 54.137 210.374 59.379 155.313 158.484
86.278 52.818 208.217 58.250 155.505 160.933
85.629 57.037 213.842 57.559 150.529 157.404
85.188 52.233 207.623 59.326 157.189 160.441
84.096 54.284 210.607 59.510 155.297 158.207
85.645 50.972 205.753 59.459 158.602 161.569
82.840 60.590 218.581 59.187 148.579 152.223
87.410 53.099 208.351 57.281 154.239 161.620
80.859 59.566 217.676 61.011 151.465 151.422
86.633 52.908 208.265 57.942 155.102 161.150
84.298 54.610 211.003 59.246 154.699 158.143
85.609 62.406 220.092 56.781 144.299 152.813
91.551 51.213 204.660 54.952 153.789 165.835
83.784 62.657 220.723 58.211 145.494 151.132
100.085 55.081 206.785 48.302 143.130 168.617
91.038 53.329 207.713 54.561 151.249 164.110
97.122 57.367 210.822 49.529 142.056 165.104
99.852 62.457 215.660 47.151 134.487 162.392
75.194 62.877 221.744 65.898 153.062 143.224
77.042 62.973 221.823 64.093 151.135 144.934
84.555 61.664 219.488 57.676 145.958 152.660
79.861 61.934 220.487 61.591 149.652 148.475
79.032 61.898 220.523 62.337 150.445 147.765
82.987 51.732 207.273 61.343 159.741 158.924
79.360 62.282 220.919 62.007 149.721 147.711
77.280 63.588 222.473 63.832 150.247 144.580
83.921 62.174 220.170 58.137 145.909 151.689
90.836 63.099 219.523 52.878 139.641 156.023
79.661 62.066 220.653 61.757 149.686 148.177
78.868 57.278 215.097 63.232 156.035 151.490
82.410 53.201 209.402 61.280 158.189 157.520
86.828 68.773 226.308 55.812 136.864 147.415
79.512 61.776 220.345 61.917 150.144 148.307
84.874 61.883 219.668 57.402 145.458 152.715
79.700 62.004 220.580 61.728 149.721 148.268
86.175 59.636 216.844 56.657 146.981 155.707
90.384 64.537 221.182 53.126 138.434 154.337
75.194 62.877 221.744 65.898 153.062 143.224
73.816 62.940 221.771 67.295 154.414 141.765
75.213 61.770 220.522 65.978 154.265 144.252
79.377 61.844 220.433 62.031 150.189 148.125
81.130 64.019 222.590 60.348 146.280 147.633
89.453 59.108 215.416 54.304 145.131 158.589
88.438 63.450 220.558 54.574 141.004 153.976
88.438 63.450 220.558 54.574 141.004 153.976
83.372 58.655 216.234 59.044 150.394 154.302
83.493 59.707 217.455 58.772 149.052 153.521
82.519 59.406 217.262 59.623 150.219 152.971
82.687 53.596 209.903 60.907 157.410 157.498
99.731 55.620 207.619 48.368 142.649 168.012
82.346 53.900 210.362 61.095 157.292 157.004
84.537 61.196 218.968 57.738 146.495 153.065
86.412 64.005 221.634 56.066 141.954 151.929
81.622 62.519 220.917 60.014 147.461 149.468
88.072 64.885 222.160 54.789 139.768 152.326
74.439 59.204 217.520 67.138 158.042 145.659
79.307 58.680 216.782 62.539 153.910 150.781
77.914 61.864 220.564 63.365 151.521 146.771
89.205 62.613 219.453 54.070 141.341 155.317
88.883 60.274 216.924 54.544 144.193 157.182
86.032 65.630 223.400 56.324 140.568 150.047
90.532 60.738 216.997 53.309 142.471 157.954
88.599 63.887 220.981 54.434 140.420 153.679
82.826 58.974 216.703 59.438 150.471 153.588
89.263 62.391 219.195 54.046 141.542 155.563
75.423 59.694 218.134 66.051 156.443 146.255
84.679 55.709 212.359 58.631 152.962 157.660
82.044 59.212 217.104 60.053 150.852 152.735
101.160 52.884 203.449 48.337 145.391 170.779
86.266 56.479 213.012 57.192 150.722 158.329
87.346 48.516 201.776 59.249 160.878 164.235
91.343 58.655 214.339 53.048 144.317 160.297
85.657 56.085 212.645 57.760 151.698 158.155
86.462 47.754 200.770 60.351 162.767 163.895
87.275 55.523 211.574 56.659 151.151 159.818
88.277 57.535 213.842 55.444 147.881 159.021
87.483 49.793 203.663 58.529 158.855 163.678
82.902 58.133 215.684 59.529 151.415 154.339
95.501 63.360 218.299 49.744 136.200 158.895
86.745 62.031 219.429 55.939 143.826 154.030
89.892 63.848 220.593 53.502 139.515 154.650
88.096 57.636 214.011 55.558 147.893 158.806
100.166 51.433 201.887 49.407 147.947 171.160
97.111 57.176 210.592 49.575 142.297 165.249
84.821 43.467 193.775 64.586 171.404 163.946
98.743 56.413 209.016 48.758 142.242 166.829
93.020 55.655 210.134 52.543 146.846 163.802
86.381 61.200 218.587 56.298 145.032 154.502
79.769 60.104 218.422 61.890 151.810 150.006
85.241 57.546 214.547 57.755 150.212 156.700
88.360 64.033 221.197 54.603 140.443 153.364
89.608 58.412 214.549 54.310 145.843 159.278
82.621 43.376 193.741 66.699 173.638 161.925
106.254 65.037 215.646 43.429 128.100 163.534
83.271 54.545 211.089 60.111 155.641 157.344
77.505 54.600 211.681 65.270 160.814 152.130
81.594 60.847 219.060 60.202 149.346 150.952
97.167 48.663 199.099 52.347 153.734 170.990
89.608 58.412 214.549 54.310 145.843 159.278
77.505 54.600 211.681 65.270 160.814 152.130
93.445 63.025 218.636 51.105 137.919 157.869
88.516 61.590 218.508 54.660 142.977 155.750
86.086 55.341 211.605 57.619 152.309 159.041
88.643 55.101 210.697 55.752 150.660 161.147
78.825 65.884 224.750 62.357 146.425 143.759
85.451 66.320 224.218 56.780 140.331 148.901
92.675 62.339 218.135 51.673 139.190 157.988
84.631 53.533 209.509 59.315 155.860 159.152
85.750 54.324 210.350 58.172 153.900 159.504
77.925 59.290 217.605 63.701 154.471 149.009
78.296 60.603 219.117 63.156 152.587 148.241
84.313 61.314 219.143 57.904 146.544 152.781
84.756 54.806 211.177 58.819 154.067 158.375
83.790 52.756 208.590 60.275 157.620 158.969
80.646 61.010 219.365 60.999 149.989 149.991
88.430 64.265 221.424 54.543 140.146 153.192
82.945 52.916 208.937 60.925 158.118 158.159
82.846 60.784 218.802 59.158 148.353 152.058
79.686 60.161 218.495 61.955 151.819 149.884
85.336 53.417 209.221 58.788 155.443 159.795
78.011 59.051 217.315 63.662 154.674 149.287
80.210 61.783 220.282 61.298 149.508 148.919
92.322 60.050 215.670 52.164 142.007 159.787
94.910 66.607 221.889 50.032 133.201 155.361
78.370 60.772 219.305 63.066 152.325 148.162
77.761 58.538 216.710 63.993 155.529 149.469
78.296 60.603 219.117 63.156 152.587 148.241
97.281 70.313 224.658 48.667 128.061 153.020
77.974 58.602 216.778 63.781 155.249 149.617
77.994 60.930 219.509 63.394 152.497 147.676
77.771 59.485 217.843 63.812 154.386 148.703
80.302 62.148 220.676 61.183 149.021 148.669
82.654 62.751 221.016 59.129 146.329 150.119
78.881 59.294 217.549 62.817 153.570 149.889
84.617 61.106 218.851 57.685 146.532 153.209
77.589 59.143 217.446 64.042 154.965 148.815
78.243 58.602 216.762 63.530 154.995 149.869
78.296 60.603 219.117 63.156 152.587 148.241
88.368 59.094 215.687 55.093 145.945 157.813
85.788 53.339 209.026 58.456 155.186 160.205
79.442 61.623 220.182 61.994 150.376 148.382
81.936 52.822 208.938 61.826 159.126 157.353
91.162 60.407 216.436 52.911 142.403 158.682
82.371 55.330 212.250 60.637 155.378 156.032
81.550 52.510 208.547 62.282 159.904 157.208
77.412 59.443 217.809 64.158 154.778 148.399
83.063 62.537 220.717 58.807 146.220 150.656
94.135 57.808 212.430 51.330 143.435 162.861
92.626 60.948 216.600 51.845 140.774 159.207
93.022 62.326 218.010 51.441 138.968 158.233
89.797 53.923 208.853 55.254 151.349 162.823
88.120 51.189 205.538 57.447 156.342 163.364
87.526 51.168 205.644 57.907 156.830 162.926
98.801 60.680 214.086 47.965 137.114 163.355
95.540 64.056 219.030 49.680 135.430 158.264
89.564 63.774 220.605 53.740 139.830 154.486
79.638 63.315 222.013 61.686 148.349 146.999
82.742 59.876 217.776 59.365 149.482 152.759
84.032 63.052 221.105 57.984 144.863 150.964
89.713 53.021 207.671 55.602 152.616 163.377
85.797 59.659 216.952 56.946 147.250 155.396
83.529 63.011 221.151 58.393 145.320 150.596
88.986 54.402 209.701 55.698 151.314 161.900
86.765 56.941 213.476 56.703 149.758 158.356
84.483 56.574 213.491 58.573 152.026 156.853
94.812 56.860 211.039 51.087 144.149 164.053
90.603 58.739 214.658 53.549 144.739 159.712
95.935 62.405 217.103 49.540 136.961 160.055
89.485 60.329 216.825 54.103 143.690 157.569
101.002 55.605 207.068 47.642 141.929 168.753
95.874 59.412 213.729 49.937 140.398 162.651
91.332 63.003 219.273 52.539 139.395 156.458
88.117 47.126 199.451 59.392 162.432 165.482
87.014 58.706 215.559 56.167 147.427 157.127
96.079 63.098 217.808 49.395 136.112 159.507
93.609 58.392 213.309 51.566 143.081 162.041
94.066 56.935 211.387 51.555 144.547 163.511
70.878 58.932 216.812 71.077 162.310 141.991
94.296 63.839 219.227 50.495 136.476 157.666
99.834 60.880 213.899 47.330 136.267 163.790
88.596 50.347 204.217 57.438 157.187 164.215
94.798 62.492 217.599 50.260 137.603 159.249
94.173 52.538 205.662 52.701 150.165 166.762
90.275 59.662 215.836 53.633 143.889 158.705
78.913 60.567 219.031 62.595 152.055 148.838
78.454 61.508 220.132 62.903 151.414 147.589
85.297 49.481 203.626 60.410 161.077 162.109
96.546 65.487 220.170 48.993 133.284 157.520
87.070 51.354 206.009 58.182 156.921 162.464
77.418 56.777 214.537 64.715 158.045 150.507
101.284 57.559 209.379 47.038 139.337 167.402
92.438 59.280 214.738 52.198 142.823 160.522
84.331 57.197 214.294 58.553 151.375 156.250
81.125 51.716 207.462 62.977 161.413 157.307
82.644 57.460 214.902 59.881 152.453 154.659
86.196 53.363 208.974 58.128 154.829 160.510
94.387 57.733 212.253 51.181 143.360 163.086
84.973 44.757 196.056 63.474 168.970 163.769
71.511 66.340 225.113 69.671 153.376 135.989
84.084 55.669 212.416 59.123 153.501 157.209
86.679 51.279 205.987 58.516 157.334 162.205
78.398 60.249 218.701 63.111 152.901 148.641
84.473 49.461 203.730 61.101 161.797 161.438
80.502 53.966 210.658 62.689 158.841 155.346
82.012 58.435 216.182 60.217 151.805 153.348
78.498 59.371 217.667 63.155 153.835 149.473
73.469 58.331 216.392 68.334 160.138 145.335
89.859 62.819 219.498 53.586 140.642 155.595
88.353 62.672 219.741 54.687 141.906 154.641
81.673 59.179 217.116 60.374 151.211 152.447
93.727 68.619 224.264 50.868 132.009 152.514
89.924 63.746 220.476 53.484 139.599 154.770
80.300 49.654 204.461 64.691 165.240 157.656
82.106 46.778 199.760 64.669 168.133 160.553
92.586 60.312 215.888 51.950 141.525 159.738
92.187 61.566 217.433 52.074 140.380 158.359
89.752 64.925 221.762 53.564 138.486 153.510
89.657 63.818 220.627 53.672 139.717 154.510
90.120 63.631 220.299 53.351 139.581 155.018
79.820 66.800 225.570 61.482 144.610 143.717
89.895 63.382 220.096 53.525 140.010 155.093
90.825 54.510 209.336 54.352 149.839 163.138
91.721 62.360 218.455 52.320 139.824 157.321
88.013 48.045 200.911 58.973 161.076 164.981
92.287 62.902 218.872 51.891 138.841 157.207
89.713 61.632 218.234 53.790 142.053 156.578
82.279 63.280 221.644 59.409 146.077 149.311
80.267 53.224 209.663 63.160 160.070 155.616
82.450 66.770 225.204 59.217 142.345 146.013
100.229 58.595 211.072 47.445 138.699 165.961
88.395 62.787 219.854 54.648 141.751 154.566
90.000 45.521 196.431 58.909 163.568 167.570
75.330 58.848 217.118 66.299 157.552 146.853
83.832 50.351 205.152 61.220 161.016 160.429
82.688 67.131 225.522 59.030 141.790 145.839
82.929 57.117 214.435 59.718 152.636 155.164
90.843 63.342 219.783 52.857 139.374 155.800
94.047 58.569 213.373 51.248 142.580 162.183
82.279 63.280 221.644 59.409 146.077 149.311
82.838 66.455 224.833 58.887 142.330 146.658
82.279 63.280 221.644 59.409 146.077 149.311
80.809 57.360 215.023 61.472 154.168 153.168
87.964 51.093 205.438 57.604 156.598 163.303
88.237 48.397 201.401 58.620 160.362 164.983
83.042 57.011 214.285 59.648 152.673 155.341
83.103 56.592 213.751 59.696 153.146 155.713
85.104 56.777 213.625 58.030 151.271 157.193
82.065 61.396 219.612 59.741 148.323 150.864
99.222 61.043 214.332 47.670 136.446 163.287
105.554 66.409 217.407 43.754 127.039 161.836
98.125 63.587 217.575 48.096 134.299 160.317
94.001 62.759 218.162 50.758 137.837 158.483
86.768 61.233 218.536 56.000 144.697 154.768
86.920 60.808 218.022 55.932 145.058 155.259
71.832 66.236 225.047 69.316 153.121 136.448
81.097 63.181 221.703 60.418 147.200 148.401
83.242 59.320 217.045 59.037 149.713 153.643
100.806 64.528 217.512 46.454 131.682 161.018
82.099 51.159 206.557 62.351 161.344 158.490
90.312 58.396 214.332 53.814 145.356 159.791
82.625 60.016 217.956 59.442 149.418 152.542
70.494 67.385 225.994 70.850 153.512 133.764
93.639 62.462 217.958 51.019 138.403 158.519
80.418 61.175 219.579 61.178 150.003 149.646
84.442 47.190 200.196 62.347 165.362 162.464
81.979 62.346 220.678 59.725 147.343 149.929
80.864 61.083 219.422 60.801 149.714 150.116
86.250 58.952 216.025 56.707 147.724 156.341
77.962 60.529 219.051 63.476 152.987 147.995
79.352 59.379 217.612 62.375 153.036 150.246
85.074 61.539 219.246 57.277 145.680 153.184
82.732 62.435 220.660 59.089 146.608 150.476
84.236 63.971 222.047 57.773 143.718 150.256
79.649 59.452 217.671 62.096 152.680 150.451
78.069 65.559 224.477 63.048 147.455 143.393
84.386 65.295 223.393 57.620 142.221 149.085
78.282 63.481 222.303 62.904 149.415 145.615
89.057 62.788 219.683 54.165 141.260 155.047
95.987 58.583 212.709 50.003 141.304 163.415
95.696 61.023 215.647 49.831 138.657 161.146
88.610 50.685 204.700 57.285 156.689 164.030
86.729 56.120 212.458 56.922 150.813 158.958
90.637 60.805 217.043 53.227 142.320 157.968
92.598 58.179 213.382 52.278 144.020 161.543
85.053 59.312 216.702 57.581 148.245 155.107
74.342 63.661 222.570 66.708 153.088 141.631
77.753 65.755 224.694 63.341 147.553 142.903
78.821 62.076 220.737 62.512 150.442 147.412
85.589 67.597 225.447 56.707 138.963 147.696
97.644 67.120 221.429 48.302 130.927 156.578
79.795 49.962 204.956 65.008 165.249 157.030
98.031 58.773 212.167 48.711 139.802 164.515
80.939 53.657 210.196 62.404 158.865 155.939
89.320 70.726 227.519 54.111 133.161 147.163
81.057 59.843 217.976 60.797 150.967 151.359
91.565 58.922 214.588 52.851 143.847 160.227
80.296 58.096 215.982 61.768 153.721 152.137
94.058 70.585 226.014 50.781 129.928 150.633
90.533 62.930 219.428 53.101 140.038 155.969
82.743 59.010 216.759 59.501 150.498 153.490
91.007 59.493 215.426 53.145 143.567 159.362
91.378 60.361 216.318 52.767 142.304 158.872
80.939 53.657 210.196 62.404 158.865 155.939
83.789 63.596 221.731 58.149 144.480 150.255
80.921 52.147 208.096 62.983 160.983 156.870
87.350 52.310 207.285 57.603 155.365 162.087
94.725 53.286 206.481 52.096 148.793 166.618
80.772 53.621 210.163 62.565 159.065 155.814
98.912 57.733 210.572 48.376 140.516 165.891
92.740 55.087 209.499 52.878 147.761 164.035
82.025 59.137 217.018 60.082 150.957 152.781
96.467 60.353 214.603 49.430 138.930 162.217
76.126 61.834 220.594 65.070 153.279 145.096
92.373 62.646 218.567 51.852 139.059 157.502
86.999 55.187 211.206 56.958 151.795 159.855
96.958 56.896 210.306 49.729 142.735 165.375
82.865 58.797 216.487 59.436 150.648 153.767
77.996 55.352 212.672 64.560 159.332 152.088
79.595 63.078 221.762 61.739 148.643 147.184
92.104 70.476 226.518 52.103 131.378 149.421
94.385 58.107 212.705 51.111 142.910 162.782
86.398 47.875 200.971 60.337 162.631 163.788
83.376 52.730 208.617 60.630 158.007 158.640
99.053 55.879 208.222 48.701 142.725 167.420
84.903 51.847 207.135 59.703 157.962 160.449
87.290 49.034 202.574 59.035 160.136 163.931
94.514 57.137 211.483 51.220 144.002 163.643
95.496 52.116 204.630 51.992 149.874 167.891
85.976 52.119 207.313 58.740 156.711 161.141
83.326 56.943 214.155 59.429 152.519 155.628
94.515 57.137 211.483 51.219 144.002 163.643
94.200 65.382 220.880 50.504 134.920 156.114
98.290 58.877 212.189 48.538 139.522 164.586
76.712 61.620 220.343 64.526 152.945 145.854
89.370 64.149 221.054 53.863 139.576 153.988
80.954 48.941 203.320 64.457 165.726 158.601
94.062 65.411 220.956 50.594 134.982 155.994
97.134 63.266 217.604 48.725 135.263 160.010
76.243 64.636 223.607 64.784 150.150 142.580
84.186 59.973 217.639 58.172 148.175 153.855
95.297 62.699 217.653 49.922 137.050 159.378
86.014 64.684 222.433 56.350 141.554 150.965
95.297 62.699 217.653 49.922 137.050 159.378
88.941 61.597 218.404 54.350 142.655 156.053
75.851 63.667 222.594 65.201 151.555 143.133
80.564 57.136 214.771 61.739 154.665 153.126
80.756 55.996 213.309 61.852 155.935 154.152
86.551 60.745 218.035 56.220 145.413 155.035
86.399 66.601 224.296 56.049 139.305 149.350
90.896 57.292 212.828 53.618 146.276 161.091
81.035 67.409 226.025 60.443 142.940 144.149
89.037 57.529 213.637 54.890 147.325 159.581
79.170 61.381 219.934 62.265 150.896 148.354
87.658 59.556 216.407 55.546 145.936 156.897
95.691 49.172 200.386 53.043 153.923 169.785
83.174 49.158 203.449 62.357 163.377 160.486
92.400 59.243 214.708 52.230 142.892 160.527
74.386 64.103 223.040 66.643 152.574 141.254
83.512 55.656 212.497 59.594 153.991 156.750
88.150 60.562 217.443 55.043 144.407 156.394
84.216 58.221 215.565 58.437 150.219 155.342
91.358 59.239 215.024 52.942 143.618 159.819
88.315 59.291 215.932 55.101 145.753 157.608
83.473 51.278 206.554 61.117 159.973 159.605
93.768 62.882 218.374 50.902 137.858 158.216
89.634 54.307 209.404 55.257 150.962 162.436
90.078 47.358 199.356 57.783 160.566 166.860
81.551 60.037 218.136 60.345 150.312 151.619
76.208 62.610 221.450 64.921 152.342 144.470
87.108 53.389 208.813 57.415 154.080 161.196
76.280 62.760 221.612 64.839 152.107 144.402
77.302 57.664 215.654 64.614 157.044 149.722
95.943 59.644 213.975 49.858 140.082 162.497
81.369 49.093 203.527 63.995 165.103 158.912
83.357 52.727 208.616 60.647 158.027 158.626
78.173 59.127 217.397 63.498 154.430 149.374
81.990 60.281 218.357 59.938 149.652 151.781
86.106 60.497 217.851 56.592 146.042 154.912
76.861 50.230 205.361 67.771 167.778 154.000
82.787 64.167 222.505 58.946 144.708 148.887
91.512 61.841 217.946 52.509 140.542 157.650
88.983 52.065 206.554 56.469 154.463 163.466
87.191 55.628 211.728 56.695 151.081 159.677
90.353 70.863 227.370 53.376 132.277 147.762
81.277 61.785 220.156 60.371 148.566 149.844
81.832 66.622 225.149 59.733 143.018 145.645
90.768 54.710 209.612 54.335 149.620 162.955
88.480 63.161 220.236 54.560 141.283 154.279
76.813 77.531 234.855 66.018 138.332 128.452
88.866 56.948 212.969 55.137 148.164 159.916
75.209 74.236 232.356 66.771 142.435 130.993
91.794 69.771 225.954 52.259 132.252 149.970
81.987 61.836 220.114 59.762 147.899 150.402
88.950 55.126 210.650 55.521 150.400 161.353
94.900 57.795 212.151 50.838 142.949 163.367
84.645 56.786 213.726 58.394 151.630 156.820
80.517 58.469 216.411 61.500 153.072 152.031
79.894 57.633 215.454 62.222 154.652 152.145
81.518 59.468 217.478 60.459 151.004 152.073
86.872 52.979 208.309 57.733 154.818 161.288
97.294 60.493 214.455 48.900 138.250 162.607
83.067 55.137 211.897 60.106 155.036 156.757
87.477 47.291 199.846 59.799 162.677 164.909
86.254 53.023 208.502 58.197 155.244 160.780
81.861 59.144 217.050 60.220 151.090 152.636
82.517 59.085 216.883 59.677 150.600 153.239
81.844 61.770 220.062 59.890 148.094 150.340
105.603 62.981 213.727 43.908 130.670 165.111
82.675 57.178 214.549 59.916 152.775 154.906
91.263 64.307 220.685 52.518 138.052 155.175
77.301 59.083 217.385 64.326 155.314 148.591
97.164 54.063 206.626 50.324 146.211 167.613
81.950 58.876 216.718 60.190 151.332 152.934
90.853 57.372 212.938 53.631 146.209 160.998
82.595 67.774 226.161 59.135 141.244 145.090
82.679 55.176 212.005 60.421 155.316 156.403
94.651 43.566 191.857 56.878 163.491 171.556
83.445 67.804 226.052 58.435 140.504 145.761
84.404 61.393 219.214 57.823 146.382 152.783
96.905 53.832 206.420 50.552 146.676 167.617
83.712 56.306 213.291 59.263 152.997 156.432
92.849 44.919 194.680 57.223 162.470 169.858
89.869 63.329 220.046 53.546 140.085 155.125
80.028 66.559 225.311 61.292 144.662 144.149
79.924 61.721 220.243 61.556 149.833 148.723
80.823 48.856 203.195 64.625 165.982 158.518
82.310 53.700 210.096 61.193 157.595 157.107
79.563 50.806 206.238 64.816 164.199 156.377
94.671 60.089 214.941 50.606 140.388 161.305
83.148 61.607 219.677 58.819 147.174 151.575
97.363 61.629 215.716 48.725 136.921 161.646
87.110 54.992 210.929 56.928 151.962 160.081
86.335 48.008 201.190 60.316 162.475 163.676
86.335 48.008 201.190 60.316 162.475 163.676
85.239 48.669 202.403 60.862 162.358 162.470
85.317 48.592 202.272 60.837 162.411 162.572
86.335 48.008 201.190 60.316 162.475 163.676
96.650 62.664 217.128 49.070 136.223 160.266
81.492 56.524 213.896 61.075 154.613 154.401
90.217 61.069 217.463 53.492 142.320 157.439
97.796 62.513 216.532 48.376 135.672 161.112
77.465 52.375 208.579 66.145 163.955 153.480
87.336 61.914 219.161 55.503 143.503 154.583
76.153 63.029 221.907 64.943 151.940 144.028
135.353 49.334 177.627 36.527 137.019 186.139
76.120 63.116 222.001 64.969 151.879 143.915
95.570 60.887 215.538 49.927 138.892 161.186
83.461 54.681 211.237 59.912 155.301 157.407
88.110 61.337 218.329 54.984 143.561 155.678
96.547 59.535 213.627 49.497 139.826 162.968
71.491 65.685 224.455 69.685 154.055 136.630
95.792 61.677 216.348 49.699 137.860 160.624
89.140 64.133 221.099 54.030 139.761 153.837
82.541 45.500 197.567 65.127 169.892 161.373
82.752 59.882 217.781 59.356 149.467 152.761
101.736 59.499 211.505 46.434 136.759 166.067
88.106 64.385 221.632 54.778 140.263 152.837
92.091 66.304 222.495 51.913 135.414 153.783
96.148 73.630 228.053 49.751 125.799 148.619
93.536 65.928 221.658 50.936 134.805 155.135
68.432 65.159 223.371 73.247 158.197 133.594
95.138 59.777 214.417 50.350 140.446 161.873
92.286 62.425 218.352 51.928 139.362 157.647
88.569 60.203 216.925 54.783 144.506 157.014
85.390 66.396 224.306 56.829 140.304 148.776
86.561 55.686 211.945 57.160 151.493 159.153
90.528 61.520 217.879 53.224 141.593 157.256
71.857 56.582 213.968 70.568 164.175 144.849
73.231 61.336 219.949 68.066 156.821 142.597
73.470 68.952 227.779 67.720 148.751 135.328
72.529 62.860 221.593 68.660 155.878 140.479
75.539 65.518 224.518 65.461 149.943 141.021
71.303 59.438 217.502 70.485 161.196 142.077
75.298 60.070 218.575 66.115 156.127 145.814
77.936 58.497 216.652 63.837 155.412 149.666
90.286 61.941 218.417 53.355 141.298 156.704
87.818 45.032 196.085 60.914 166.097 166.054
77.557 57.745 215.747 64.352 156.696 149.903
87.750 66.223 223.605 55.020 138.645 150.757
87.199 63.103 220.491 55.516 142.310 153.382
76.298 57.614 215.609 65.599 158.093 148.787
96.410 65.882 220.626 49.073 132.964 157.045
94.168 61.463 216.674 50.765 139.158 159.772
95.492 61.855 216.653 49.872 137.855 160.273
88.667 57.600 213.822 55.145 147.511 159.254
84.141 50.822 205.795 60.752 160.064 160.426
85.408 60.114 217.562 57.184 147.030 154.702
85.571 50.329 204.834 59.796 159.595 161.875
91.129 59.738 215.674 53.025 143.197 159.238
80.179 61.517 219.989 61.352 149.833 149.131
81.157 50.944 206.337 63.283 162.506 157.773
80.619 60.730 219.051 61.056 150.330 150.214
83.499 55.999 212.938 59.515 153.563 156.486
82.992 63.290 221.542 58.816 145.466 149.893
82.314 63.675 222.060 59.359 145.627 148.966
98.562 56.407 209.080 48.867 142.358 166.726
101.075 62.640 215.358 46.426 133.567 162.934
79.918 65.051 223.804 61.378 146.278 145.570
97.619 55.971 208.902 49.537 143.479 166.492
85.011 58.633 215.907 57.727 149.082 155.639
92.237 54.087 208.359 53.500 149.404 164.413
94.535 48.198 199.332 54.249 156.133 169.553
93.116 57.376 212.244 52.087 144.640 162.536
92.075 66.806 223.003 51.929 134.922 153.265
102.851 63.270 215.288 45.373 131.861 163.358
76.892 57.770 215.797 64.984 157.311 149.246
86.459 59.408 216.515 56.474 147.027 156.118
90.166 57.320 213.072 54.124 146.761 160.556
92.192 52.589 206.370 54.008 151.438 165.403
101.407 60.723 213.065 46.445 135.529 164.832
91.066 59.625 215.562 53.085 143.371 159.290
83.885 57.053 214.196 58.946 151.919 156.001
89.870 59.023 215.202 54.019 144.928 158.958
95.965 63.041 217.788 49.471 136.247 159.488
90.041 59.406 215.603 53.837 144.356 158.757
91.066 59.625 215.562 53.085 143.371 159.290
80.783 60.323 218.565 60.967 150.652 150.710
83.670 58.009 215.406 58.920 150.924 155.070
82.122 50.322 205.325 62.707 162.552 158.971
89.807 57.216 213.046 54.401 147.148 160.383
93.317 50.981 203.789 53.836 152.893 167.183
83.985 58.494 215.935 58.573 150.080 154.933
81.939 58.653 216.454 60.239 151.607 153.108
72.387 60.786 219.240 69.046 158.372 142.168
89.238 59.111 215.479 54.457 145.283 158.432
83.640 54.876 211.464 59.707 154.896 157.417
86.784 55.661 211.863 56.996 151.352 159.343
88.570 60.515 217.282 54.741 144.148 156.743
90.050 53.397 208.084 55.237 151.865 163.366
91.176 59.411 215.280 53.041 143.543 159.548
94.538 52.356 205.291 52.525 150.171 167.119
82.698 61.564 219.704 59.195 147.598 151.241
91.586 57.095 212.381 53.181 146.033 161.724
84.540 59.721 217.281 57.925 148.180 154.353
75.029 63.476 222.389 66.024 152.582 142.500
76.274 63.909 222.846 64.778 150.881 143.313
73.678 62.970 221.796 67.435 154.526 141.595
75.719 62.629 221.475 65.397 152.806 143.974
75.180 63.586 222.508 65.868 152.312 142.546
76.714 61.919 220.677 64.494 152.609 145.587
73.919 64.293 223.221 67.115 152.860 140.592
90.315 63.509 220.114 53.219 139.571 155.272
80.623 49.558 204.295 64.438 165.081 158.004
74.185 62.922 221.768 66.915 154.046 142.163
75.206 60.670 219.271 66.119 155.523 145.211
74.255 67.211 226.173 66.788 149.571 138.000
78.898 67.221 226.064 62.326 145.038 142.453
76.785 63.202 222.078 64.323 151.137 144.475
76.815 54.164 211.092 66.096 162.093 151.740
80.276 54.752 211.732 62.637 157.992 154.611
74.089 61.362 220.029 67.166 155.882 143.472
89.452 56.522 212.286 54.808 148.262 160.670
109.264 56.935 204.851 43.008 135.885 172.056
86.172 52.583 207.916 58.416 155.912 161.001
91.250 62.890 219.176 52.603 139.574 156.506
82.375 57.143 214.551 60.176 153.074 154.680
82.604 59.002 216.771 59.618 150.624 153.380
85.524 57.417 214.331 57.559 150.144 157.024
90.224 63.334 219.952 53.294 139.824 155.372
80.791 67.449 226.095 60.655 143.114 143.895
74.972 61.929 220.696 66.203 154.332 143.868
86.765 54.150 209.904 57.436 153.331 160.414
81.743 56.765 214.167 60.801 154.090 154.434
79.255 58.200 216.205 62.679 154.540 151.121
79.180 59.589 217.874 62.496 152.946 149.914
84.673 60.521 218.176 57.710 147.151 153.770
96.824 67.880 222.485 48.828 130.691 155.292
103.181 64.338 216.297 45.120 130.522 162.543
85.724 52.316 207.636 58.866 156.639 160.818
92.248 62.750 218.720 51.929 139.033 157.321
83.971 60.509 218.295 58.273 147.734 153.218
94.731 67.988 223.322 50.176 131.947 153.835
92.442 66.970 223.055 51.680 134.503 153.349
78.154 60.831 219.386 63.258 152.460 147.911
79.965 56.594 214.150 62.401 155.885 153.005
87.179 46.543 198.708 60.468 164.113 164.988
90.214 65.672 222.402 53.224 137.383 153.104
87.685 62.054 219.231 55.230 143.084 154.716
77.348 59.397 217.757 64.226 154.894 148.377
95.575 65.840 220.880 49.604 133.545 156.555
89.424 55.617 211.153 55.048 149.423 161.335
85.939 57.271 214.065 57.267 149.996 157.463
87.173 58.374 215.126 56.105 147.701 157.521
82.257 57.527 215.042 60.192 152.701 154.281
80.838 59.667 217.797 61.013 151.364 151.319
83.349 54.864 211.496 59.950 155.155 157.185
85.919 45.922 197.907 61.880 166.174 164.198
81.706 59.569 217.571 60.283 150.723 152.148
82.029 59.055 216.920 60.092 151.050 152.853
81.990 59.308 217.225 60.083 150.785 152.609
78.405 53.810 210.581 64.677 161.014 153.512
79.187 62.192 220.835 62.170 149.978 147.638
96.228 47.627 197.885 53.437 155.888 170.936
89.918 51.662 205.748 55.937 154.333 164.401
83.246 55.026 211.724 59.990 155.031 156.984
89.281 60.278 216.822 54.256 143.897 157.466
86.424 60.769 218.090 56.314 145.485 154.917
86.827 61.878 219.242 55.891 143.931 154.231
81.342 53.383 209.780 62.143 158.879 156.474
93.663 48.738 200.426 54.569 155.910 168.693
81.731 58.325 216.088 60.477 152.181 153.198
82.973 58.774 216.442 59.351 150.584 153.875
86.567 56.388 212.831 56.982 150.602 158.631
81.183 59.442 217.491 60.750 151.326 151.807
79.506 60.027 218.357 62.136 152.137 149.837
83.971 49.521 203.895 61.493 162.134 160.986
82.173 52.562 208.548 61.718 159.280 157.720
88.679 53.387 208.434 56.236 152.888 162.377
93.047 64.413 220.247 51.296 136.706 156.290
82.017 50.975 206.299 62.503 161.684 158.522
96.067 65.831 220.697 49.291 133.236 156.878
94.138 61.993 217.275 50.732 138.587 159.275
90.542 64.077 220.653 53.032 138.805 154.891
82.434 51.214 206.598 62.035 160.967 158.752
76.494 62.939 221.803 64.620 151.703 144.441
81.673 57.579 215.186 60.677 153.140 153.744
84.850 57.626 214.722 58.047 150.427 156.327
84.356 57.127 214.203 58.549 151.441 156.325
97.805 59.716 213.363 48.697 138.831 163.587
85.460 57.682 214.669 57.554 149.871 156.764
83.930 59.709 217.379 58.417 148.691 153.875
79.039 65.358 224.201 62.161 146.760 144.480
85.147 50.773 205.556 59.946 159.297 161.282
80.110 58.691 216.721 61.817 153.169 151.491
70.808 69.435 227.950 70.660 151.241 131.904
77.455 60.468 219.007 63.960 153.539 147.572
84.329 57.195 214.293 58.556 151.379 156.249
95.119 58.469 212.883 50.573 141.997 162.959
85.481 57.715 214.705 57.532 149.814 156.753
82.284 52.581 208.561 61.614 159.155 157.805
93.781 58.612 213.514 51.415 142.705 161.974
84.549 59.147 216.607 58.007 148.844 154.846
91.791 59.074 214.699 52.671 143.510 160.255
85.284 58.499 215.692 57.536 149.024 155.964
68.640 58.550 215.833 73.870 165.527 139.580
96.086 59.543 213.805 49.784 140.109 162.673
89.581 62.924 219.689 53.777 140.729 155.298
92.418 64.928 220.984 51.705 136.598 155.367
74.714 56.597 214.277 67.460 161.009 147.944
94.566 60.189 215.092 50.660 140.341 161.151
103.023 62.852 214.755 45.311 132.222 163.837
72.508 57.140 214.788 69.675 162.704 145.184
79.520 55.932 213.341 62.976 157.139 153.092
77.593 59.200 217.513 64.029 154.894 148.771
92.668 59.960 215.457 51.943 141.875 160.098
101.505 62.098 214.576 46.231 133.919 163.671
92.407 59.430 214.924 52.197 142.669 160.374
77.166 47.817 201.490 68.877 171.344 155.306
87.403 66.344 223.809 55.281 138.788 150.375
76.211 64.636 223.608 64.814 150.181 142.550
76.525 67.186 226.157 64.539 147.318 140.275
87.255 59.151 216.029 55.911 146.716 156.938
76.865 64.526 223.477 64.189 149.658 143.285
87.616 59.942 216.864 55.521 145.520 156.537
77.719 68.747 227.594 63.506 144.687 139.747
76.201 63.295 222.192 64.879 151.606 143.826
77.698 69.711 228.481 63.615 143.821 138.674
71.903 67.148 225.949 69.268 152.148 135.584
75.379 61.973 220.751 65.792 153.870 144.235
93.224 66.322 222.158 51.144 134.617 154.534
84.202 59.626 217.234 58.209 148.564 154.164
88.039 65.784 223.091 54.803 138.871 151.412
83.792 58.817 216.355 58.672 149.853 154.511
74.547 66.788 225.770 66.475 149.683 138.737
93.744 57.734 212.472 51.600 143.784 162.666
75.265 67.801 226.760 65.803 147.975 138.396
77.313 63.451 222.326 63.808 150.361 144.740
93.744 57.734 212.472 51.600 143.784 162.666
95.258 57.237 211.346 50.721 143.396 164.042
90.079 48.727 201.454 57.081 158.467 166.191
95.162 57.191 211.323 50.792 143.515 164.017
91.218 51.219 204.766 55.182 154.017 165.598
86.589 56.625 213.123 56.910 150.289 158.466
95.057 56.652 210.696 50.976 144.247 164.372
104.140 57.362 207.872 45.511 137.989 169.126
90.975 58.898 214.737 53.262 144.288 159.840
90.226 62.029 218.531 53.389 141.243 156.582
87.469 60.358 217.379 55.575 145.153 156.066
87.763 60.586 217.567 55.327 144.670 156.086
89.505 60.086 216.541 54.120 143.954 157.794
91.672 60.807 216.737 52.510 141.591 158.684
90.011 49.708 202.928 56.674 157.060 165.618
72.382 59.444 217.651 69.278 159.967 143.277
97.361 54.766 207.466 50.004 145.173 167.230
93.778 55.595 209.808 52.057 146.414 164.349
75.791 57.304 215.217 66.177 158.992 148.519
87.133 52.447 207.523 57.720 155.344 161.833
94.511 55.981 210.047 51.483 145.442 164.536
86.931 52.135 207.136 57.989 155.933 161.876
91.784 56.634 211.751 53.146 146.465 162.220
95.023 60.246 214.999 50.358 139.978 161.396
82.588 55.662 212.648 60.363 154.764 155.975
85.872 56.039 212.542 57.604 151.586 158.358
84.686 59.506 217.002 57.841 148.312 154.653
85.219 59.796 217.233 57.376 147.548 154.827
85.869 51.085 205.873 59.233 158.258 161.682
81.804 59.742 217.759 60.173 150.437 152.086
91.737 55.381 210.187 53.482 148.075 163.138
84.644 52.750 208.439 59.575 156.917 159.674
86.946 51.317 205.984 58.293 157.070 162.390
91.941 62.454 218.491 52.161 139.568 157.385
84.186 60.179 217.877 58.144 147.937 153.677
81.987 60.337 218.422 59.934 149.592 151.730
78.510 62.177 220.872 62.786 150.618 147.038
90.617 61.272 217.575 53.188 141.807 157.540
78.510 62.177 220.872 62.786 150.618 147.038
82.893 67.214 225.570 58.863 141.537 145.923
79.169 59.804 218.126 62.472 152.705 149.724
80.598 61.451 219.868 60.992 149.535 149.557
83.435 62.953 221.105 58.474 145.461 150.573
84.326 65.479 223.591 57.667 142.082 148.854
71.003 50.512 204.845 74.342 174.152 147.146
82.309 66.102 224.563 59.322 143.128 146.576
82.350 65.637 224.088 59.285 143.562 147.079
82.206 65.188 223.653 59.407 144.141 147.405
84.791 57.429 214.493 58.135 150.716 156.436
82.116 59.904 217.903 59.885 149.981 152.211
80.201 50.133 205.197 64.541 164.603 157.325
94.126 58.917 213.759 51.137 142.115 161.946
80.772 61.349 219.733 60.851 149.495 149.800
95.024 62.665 217.710 50.100 137.265 159.236
80.151 61.072 219.491 61.425 150.358 149.503
87.895 61.098 218.114 55.169 143.991 155.733
83.106 56.904 214.141 59.620 152.753 155.477
87.965 60.308 217.199 55.212 144.836 156.480
84.791 57.429 214.493 58.135 150.716 156.436
95.845 60.547 215.052 49.796 139.103 161.658
84.019 57.230 214.391 58.798 151.590 155.972
95.218 57.767 212.005 50.640 142.777 163.593
93.999 60.165 215.257 51.032 140.744 160.803
87.294 51.170 205.699 58.083 157.007 162.747
88.733 66.132 223.267 54.292 138.000 151.576
78.448 59.735 218.099 63.142 153.454 149.123
78.448 59.735 218.099 63.142 153.454 149.123
81.652 52.217 208.123 62.306 160.225 157.477
95.758 59.893 214.330 49.939 139.912 162.168
82.990 53.302 209.460 60.751 157.549 157.947
82.891 60.934 218.964 59.103 148.144 151.963
91.519 59.771 215.596 52.751 142.885 159.478
78.437 49.621 204.456 66.501 167.107 155.878
76.952 61.593 220.305 64.299 152.743 146.108
74.302 61.180 219.832 66.969 155.867 143.851
91.826 65.734 221.996 52.096 136.178 154.169
87.452 63.928 221.310 55.282 141.237 152.791
86.258 60.211 217.491 56.512 146.251 155.277
100.384 64.630 217.793 46.695 131.822 160.675
87.696 64.429 221.779 55.080 140.525 152.491
96.389 61.334 215.747 49.360 137.864 161.306
75.654 55.628 213.046 66.777 161.300 149.594
101.196 59.699 211.969 46.708 136.834 165.593
80.483 65.798 224.501 60.880 145.016 145.322
90.016 64.186 220.916 53.399 139.068 154.415
94.762 66.068 221.393 50.128 133.845 155.805
94.076 66.157 221.715 50.577 134.209 155.265
90.399 63.809 220.410 53.145 139.192 155.047
89.033 57.222 213.263 54.956 147.704 159.822
90.941 59.610 215.582 53.174 143.477 159.216
80.558 48.410 202.503 65.123 166.938 158.467
72.166 72.236 230.543 69.563 147.291 130.201
84.375 45.750 197.829 63.308 167.796 162.942
91.176 62.112 218.347 52.717 140.477 157.171
75.733 54.545 211.591 67.051 162.675 150.404
75.670 54.033 210.883 67.300 163.446 150.668
89.758 49.403 202.546 56.997 157.696 165.600
87.630 49.285 202.878 58.651 159.492 164.064
78.438 60.937 219.488 62.983 152.074 148.081
95.106 59.405 213.995 50.426 140.899 162.169
80.598 59.410 217.524 61.263 151.878 151.326
114.917 59.252 204.636 39.959 130.446 172.790
82.479 58.345 216.006 59.841 151.516 153.814
94.808 56.785 210.947 51.106 144.244 164.109
84.642 57.443 214.539 58.251 150.819 156.305
80.255 57.468 215.216 61.937 154.529 152.595
82.233 57.715 215.276 60.172 152.491 154.113
81.726 58.352 216.122 60.476 152.153 153.172
85.261 52.392 207.832 59.207 156.907 160.400
80.522 60.842 219.189 61.127 150.289 150.031
87.445 60.469 217.511 55.579 145.044 155.952
89.081 62.264 219.104 54.188 141.815 155.548
83.472 44.931 196.510 64.682 170.018 162.388
87.668 61.368 218.474 55.309 143.859 155.323
92.404 57.925 213.138 52.457 144.458 161.618
83.369 59.301 217.000 58.936 149.631 153.763
81.021 50.529 205.736 63.596 163.243 157.875
80.270 53.204 209.634 63.165 160.097 155.631
78.706 62.417 221.122 62.587 150.172 146.995
78.133 53.952 210.784 64.887 161.083 153.161
82.363 48.538 202.578 63.397 165.060 160.065
83.118 61.293 219.331 58.875 147.550 151.832
82.052 59.246 217.143 60.041 150.805 152.713
89.543 60.919 217.481 53.989 142.976 157.092
91.867 59.378 215.032 52.571 143.101 160.052
94.700 58.306 212.836 50.871 142.464 162.823
93.873 62.015 217.388 50.904 138.739 159.081
84.272 51.326 206.501 60.430 159.227 160.244
84.374 55.574 212.242 58.912 153.384 157.514
84.035 59.036 216.571 58.438 149.393 154.526
85.481 59.883 217.280 57.159 147.239 154.958
88.747 61.906 218.798 54.461 142.455 155.633
90.011 56.202 211.731 54.483 148.258 161.315
82.929 57.375 214.754 59.661 152.317 154.963
84.080 56.972 214.061 58.806 151.859 156.222
87.300 52.329 207.323 57.635 155.377 162.036
79.004 59.971 218.335 62.597 152.661 149.432
78.589 60.617 219.112 62.885 152.299 148.498
82.650 58.992 216.753 59.582 150.598 153.426
81.691 60.082 218.170 60.219 150.139 151.699
85.947 51.284 206.142 59.090 157.912 161.626
88.315 60.567 217.407 54.922 144.279 156.511
94.838 72.862 227.817 50.510 127.346 148.628
89.991 50.512 204.101 56.342 155.908 165.146
92.581 61.907 217.689 51.774 139.730 158.318
86.652 48.240 201.490 59.939 161.858 163.821
81.740 62.376 220.745 59.924 147.515 149.699
79.774 59.839 218.113 61.924 152.113 150.236
85.563 68.716 226.525 56.789 137.911 146.495
81.539 57.297 214.856 60.854 153.605 153.850
81.202 57.534 215.192 61.092 153.606 153.373
93.460 48.680 200.405 54.734 156.135 168.586
101.851 64.300 216.831 45.867 131.318 161.834
72.637 64.041 222.873 68.472 154.491 139.488
99.350 60.413 213.561 47.674 137.089 163.913
79.313 61.602 220.169 62.113 150.518 148.285
78.772 61.611 220.224 62.601 151.004 147.788
82.973 58.871 216.558 59.334 150.469 153.796
78.970 61.112 219.647 62.476 151.383 148.412
79.203 62.134 220.770 62.161 150.028 147.705
82.868 58.039 215.576 59.575 151.557 154.385
103.878 60.417 211.628 45.118 134.494 166.465
79.355 61.505 220.057 62.085 150.587 148.410
79.286 61.405 219.951 62.158 150.763 148.437
81.466 59.556 217.587 60.490 150.947 151.954
81.734 59.039 216.942 60.345 151.324 152.616
83.405 50.201 204.991 61.651 161.604 160.148
81.679 61.941 220.275 60.013 148.046 150.046
82.493 59.134 216.945 59.689 150.562 153.177
96.877 59.157 213.061 49.352 140.062 163.491
85.388 49.829 204.130 60.171 160.482 162.000
78.956 62.912 221.640 62.323 149.404 146.765
97.043 67.336 221.867 48.678 131.090 155.985
84.126 60.996 218.819 58.089 147.054 152.915
90.872 61.202 217.423 53.017 141.704 157.781
83.162 56.408 213.511 59.691 153.327 155.901
88.857 52.298 206.908 56.477 154.235 163.225
83.656 56.521 213.572 59.256 152.772 156.222
85.931 54.630 210.716 57.939 153.354 159.430
83.468 56.569 213.664 59.400 152.869 156.031
86.014 58.188 215.165 57.025 148.821 156.787
79.671 62.577 221.212 61.705 149.117 147.718
83.682 56.982 214.143 59.127 152.174 155.890
87.345 53.932 209.484 57.061 153.171 161.007
84.048 56.091 212.960 59.042 152.991 156.867
87.095 52.792 208.005 57.627 154.900 161.581
83.977 56.654 213.683 58.963 152.340 156.383
83.448 56.361 213.404 59.466 153.148 156.173
83.296 56.280 213.327 59.611 153.376 156.109
77.748 56.607 214.309 64.445 157.943 150.948
82.224 55.067 211.927 60.838 155.849 156.095
91.651 52.529 206.452 54.401 151.897 165.070
96.611 58.197 212.019 49.682 141.370 164.121
90.622 56.588 212.040 53.962 147.338 161.450
91.042 60.707 216.814 52.956 142.144 158.337
93.053 58.228 213.295 51.965 143.652 161.808
82.602 63.719 222.062 59.117 145.336 149.164
86.381 68.372 226.025 56.131 137.594 147.498
81.912 72.615 230.643 60.228 137.446 139.158
76.959 61.665 220.386 64.284 152.655 146.050
93.082 64.677 220.512 51.264 136.406 156.059
77.873 60.337 218.835 63.585 153.292 148.078
76.624 58.994 217.296 64.992 156.079 148.013
78.177 60.386 218.874 63.295 152.949 148.318
77.149 58.207 216.329 64.642 156.522 149.152
77.259 62.671 221.486 63.910 151.255 145.420
74.822 54.950 212.099 67.854 163.078 149.195
79.186 61.235 219.769 62.267 151.045 148.498
76.959 61.665 220.386 64.284 152.655 146.050
81.607 61.284 219.552 60.141 148.841 150.575
76.959 61.665 220.386 64.284 152.655 146.050
76.504 63.055 221.928 64.602 151.569 144.343
79.144 58.864 217.016 62.653 153.840 150.483
98.367 62.996 216.841 47.990 134.792 161.014
83.206 50.031 204.764 61.900 162.030 160.069
93.654 60.201 215.414 51.254 140.932 160.546
93.614 60.459 215.723 51.247 140.663 160.295
96.000 62.782 217.493 49.469 136.507 159.749
84.300 58.841 216.291 58.257 149.409 154.902
83.964 56.398 213.363 59.034 152.672 156.568
80.642 53.650 210.215 62.671 159.143 155.680
80.207 59.749 217.964 61.554 151.830 150.697
87.814 50.073 204.001 58.149 158.185 163.778
80.252 59.442 217.599 61.562 152.149 150.996
92.842 64.449 220.350 51.433 136.808 156.118
82.183 54.902 211.716 60.922 156.101 156.177
76.310 67.509 226.474 64.762 147.216 139.728
94.456 72.410 227.540 50.707 128.004 148.883
76.671 72.736 231.146 65.024 142.183 134.240
74.817 62.280 221.083 66.326 154.100 143.394
87.614 64.344 221.709 55.145 140.676 152.512
78.908 61.276 219.838 62.513 151.254 148.211
96.759 73.993 228.158 49.408 125.083 148.600
89.583 65.055 221.942 53.683 138.475 153.262
95.838 68.136 223.086 49.463 131.075 154.401
87.205 64.042 221.490 55.462 141.305 152.496
96.393 67.200 221.966 49.086 131.640 155.714
87.298 64.229 221.665 55.386 141.037 152.386
95.438 66.127 221.221 49.690 133.340 156.183
83.779 57.865 215.213 58.861 151.009 155.274
82.213 59.160 217.017 59.919 150.770 152.921
80.598 45.373 197.406 67.077 171.997 159.550
90.995 63.206 219.592 52.760 139.413 156.034
91.907 63.986 220.152 52.087 137.940 155.927
79.791 62.474 221.087 61.607 149.121 147.920
79.080 65.636 224.479 62.124 146.441 144.240
86.996 71.622 228.881 55.957 134.123 144.420
80.043 58.548 216.556 61.904 153.401 151.548
76.122 69.032 227.910 65.053 145.968 137.915
79.805 55.928 213.313 62.719 156.882 153.353
79.269 61.212 219.735 62.194 150.995 148.594
79.768 60.214 218.549 61.874 151.683 149.912
75.190 49.228 203.624 70.131 171.186 152.641
80.028 60.037 218.318 61.668 151.654 150.295
76.035 64.947 223.932 64.979 150.033 142.073
86.157 52.896 208.349 58.317 155.495 160.787
98.034 50.318 201.177 51.097 150.790 170.584
80.789 59.295 217.366 61.116 151.845 151.589
98.951 56.658 209.237 48.579 141.811 166.763
91.472 46.767 198.060 57.096 160.468 168.137
86.583 51.864 206.833 58.361 156.585 161.774
84.907 59.313 216.732 57.696 148.361 154.991
83.884 59.332 216.947 58.512 149.169 154.156
99.155 56.289 208.696 48.543 142.150 167.168
97.080 62.609 216.908 48.807 136.012 160.584
80.643 55.342 212.474 62.133 156.883 154.526
83.764 53.204 209.209 60.138 157.027 158.659
89.500 61.158 217.762 53.992 142.738 156.850
95.477 60.550 215.187 50.028 139.336 161.422
97.080 62.609 216.908 48.807 136.012 160.584
82.794 52.768 208.753 61.108 158.453 158.124
82.200 51.225 206.642 62.234 161.158 158.541
95.267 62.466 217.407 49.960 137.326 159.574
86.206 48.306 201.677 60.261 162.117 163.432
81.579 45.005 196.741 66.396 171.680 160.598
88.453 58.252 214.664 55.176 146.883 158.572
84.504 62.546 220.467 57.640 145.028 151.814
82.799 48.279 202.127 63.152 165.074 160.570
92.017 62.157 218.141 52.134 139.842 157.709
101.322 62.213 214.781 46.324 133.897 163.463
71.675 58.336 216.197 70.302 162.127 143.362
91.905 65.229 221.454 52.048 136.641 154.722
91.743 64.073 220.295 52.196 137.962 155.731
97.703 59.473 213.118 48.796 139.179 163.731
79.619 61.107 219.585 61.893 150.797 149.000
80.135 57.188 214.880 62.106 154.985 152.705
96.695 56.445 209.846 49.992 143.459 165.563
80.421 59.317 217.433 61.434 152.146 151.249
86.339 58.039 214.914 56.803 148.747 157.158
97.448 62.285 216.412 48.608 136.139 161.107
95.939 60.807 215.314 49.703 138.747 161.490
97.957 56.693 209.673 49.165 142.370 166.142
98.153 59.976 213.530 48.448 138.316 163.575
97.944 57.466 210.628 49.008 141.429 165.526
94.549 65.959 221.355 50.267 134.096 155.773
85.242 56.016 212.642 58.104 152.116 157.880
84.294 58.744 216.177 58.279 149.529 154.977
79.983 60.859 219.267 61.599 150.750 149.543
84.445 58.578 215.951 58.188 149.604 155.234
83.699 56.167 213.118 59.308 153.183 156.524
86.396 61.108 218.480 56.297 145.124 154.596
84.835 56.087 212.811 58.410 152.354 157.503
81.844 53.910 210.439 61.524 157.717 156.566
82.235 61.615 219.832 59.576 147.933 150.809
88.686 51.197 205.412 57.020 155.902 163.783
85.014 50.781 205.591 60.050 159.394 161.169
92.494 58.671 214.003 52.260 143.503 161.069
98.921 55.931 208.340 48.766 142.738 167.303
93.083 64.552 220.380 51.267 136.536 156.181
99.508 57.299 209.802 48.113 140.690 166.588
89.141 58.401 214.663 54.648 146.196 158.951
90.080 61.285 217.744 53.565 142.176 157.150
94.709 59.417 214.148 50.679 141.143 161.904
88.285 64.531 221.739 54.641 139.976 152.828
86.947 62.351 219.734 55.759 143.318 153.890
78.716 61.417 220.012 62.673 151.273 147.910
86.991 62.272 219.637 55.732 143.372 153.996
79.760 58.810 216.898 62.108 153.343 151.082
79.453 61.880 220.467 61.960 150.080 148.160
96.875 63.578 218.037 48.865 135.089 159.557
82.804 56.376 213.526 59.997 153.670 155.627
80.478 57.993 215.838 61.628 153.684 152.379
80.011 58.465 216.459 61.948 153.530 151.587
80.863 63.138 221.687 60.622 147.450 148.240
80.449 61.975 220.468 61.070 149.083 148.955
91.502 59.955 215.814 52.737 142.684 159.308
77.847 61.092 219.700 63.511 152.452 147.397
78.287 53.976 210.812 64.731 160.901 153.293
80.085 50.714 206.074 64.370 163.840 156.916
86.276 50.885 205.505 58.994 158.219 162.121
100.712 58.431 210.675 47.196 138.613 166.373
83.396 61.505 219.522 58.626 147.082 151.869
87.085 64.491 221.990 55.537 140.925 151.971
81.332 63.370 221.875 60.206 146.793 148.425
81.607 57.626 215.254 60.724 153.139 153.650
87.857 52.271 207.115 57.232 155.028 162.496
80.982 60.280 218.491 60.800 150.527 150.920
81.099 57.396 215.034 61.212 153.867 153.391
81.105 57.897 215.649 61.100 153.247 153.003
84.529 62.809 220.749 57.602 144.723 151.589
81.355 59.477 217.510 60.597 151.136 151.926
90.187 60.271 216.564 53.611 143.249 158.118
90.508 61.452 217.809 53.246 141.683 157.302
73.752 54.332 211.158 69.220 165.089 148.449
83.813 55.056 211.671 59.512 154.516 157.432
78.273 61.223 219.824 63.101 151.904 147.676
74.965 48.357 202.145 70.942 172.890 152.701
88.579 62.861 219.887 54.507 141.534 154.632
89.795 63.674 220.436 53.580 139.769 154.746
91.902 58.747 214.278 52.649 143.820 160.604
105.933 50.200 197.557 46.757 146.510 175.043
83.713 58.788 216.335 58.741 149.952 154.471
83.284 57.036 214.277 59.442 152.439 155.522
90.007 63.931 220.650 53.416 139.343 154.653
91.580 59.432 215.183 52.759 143.237 159.809
92.969 60.784 216.305 51.634 140.727 159.582
92.260 62.612 218.566 51.931 139.174 157.456
90.805 46.596 197.967 57.674 161.228 167.731
92.593 61.071 216.750 51.853 140.657 159.076
91.935 67.258 223.495 52.034 134.570 152.708
76.939 59.555 217.958 64.590 155.102 147.855
84.111 60.019 217.706 58.226 148.183 153.755
89.349 60.388 216.930 54.192 143.720 157.419
82.782 60.786 218.814 59.211 148.404 152.003
86.814 45.953 197.810 61.124 165.376 164.922
81.134 62.778 221.265 60.412 147.601 148.810
93.457 57.707 212.535 51.795 144.008 162.498
74.607 65.266 224.252 66.392 151.141 140.341
75.875 63.498 222.414 65.186 151.711 143.316
93.809 56.943 211.484 51.721 144.707 163.337
96.050 59.950 214.291 49.746 139.658 162.303
80.481 67.432 226.114 60.925 143.405 143.643
75.647 49.145 203.544 69.677 170.809 153.178
91.863 58.279 213.732 52.758 144.405 160.963
84.183 52.030 207.515 60.222 158.302 159.748
81.921 61.998 220.303 59.804 147.777 150.199
76.923 54.948 212.156 65.724 160.921 151.328
83.616 59.834 217.581 58.653 148.802 153.513
97.443 59.023 212.689 49.026 139.868 163.951
81.577 57.019 214.505 60.884 153.918 154.097
77.505 52.950 209.400 65.870 163.095 153.180
83.090 61.423 219.482 58.885 147.428 151.692
92.097 60.577 216.346 52.248 141.558 159.175
74.935 69.822 228.627 66.308 146.439 135.869
79.879 68.951 227.619 61.553 142.502 141.496
81.664 55.563 212.646 61.178 155.691 155.259
92.199 62.176 218.105 52.009 139.696 157.816
91.367 59.334 215.133 52.921 143.500 159.745
79.647 56.620 214.210 62.681 156.143 152.700
88.180 53.432 208.618 56.592 153.202 161.976
92.440 60.284 215.903 52.053 141.658 159.664
91.765 60.280 216.108 52.512 142.127 159.209
85.809 54.256 210.248 58.146 153.943 159.598
82.110 57.462 214.983 60.330 152.907 154.208
84.729 58.633 215.962 57.951 149.309 155.416
78.840 61.425 220.010 62.559 151.150 148.016
89.871 61.864 218.448 53.656 141.680 156.480
93.954 63.744 219.241 50.725 136.805 157.531
96.658 59.390 213.416 49.450 139.926 163.160
84.599 52.371 207.922 59.751 157.479 159.878
83.682 57.244 214.468 59.069 151.850 155.687
80.542 59.924 218.131 61.233 151.327 150.842
85.116 55.719 212.288 58.280 152.596 158.001
91.969 58.572 214.050 52.633 143.981 160.794
81.022 57.528 215.206 61.250 153.773 153.222
93.760 58.835 213.786 51.390 142.454 161.774
84.974 57.865 214.990 57.901 150.036 156.234
100.135 59.182 211.808 47.399 138.057 165.419
86.151 55.601 211.925 57.499 151.924 158.901
84.100 52.647 208.388 60.058 157.512 159.295
81.219 61.386 219.718 60.461 149.063 150.153
80.524 56.037 213.385 62.046 156.091 153.917
84.726 61.982 219.806 57.510 145.468 152.508
84.546 60.489 218.164 57.815 147.289 153.697
79.985 60.741 219.132 61.611 150.882 149.648
96.743 58.926 212.839 49.473 140.418 163.601
85.219 46.946 199.693 61.833 165.088 163.221
98.331 58.732 212.001 48.537 139.668 164.731
83.351 60.613 218.523 58.764 148.126 152.624
82.074 49.371 203.895 63.215 164.031 159.415
83.351 60.613 218.523 58.764 148.126 152.624
84.822 57.561 214.649 58.083 150.529 156.356
83.668 55.532 212.311 59.499 154.021 156.969
86.580 55.828 212.121 57.109 151.298 159.063
91.340 59.688 215.553 52.886 143.106 159.426
86.849 55.735 211.942 56.928 151.209 159.338
92.381 59.369 214.861 52.224 142.758 160.408
92.810 59.876 215.314 51.859 141.875 160.265
90.172 60.935 217.324 53.539 142.505 157.526
86.481 55.285 211.449 57.328 152.070 159.387
94.766 64.594 219.867 50.156 135.367 157.251
106.557 63.219 213.540 43.390 129.903 165.391
82.113 59.707 217.675 59.917 150.212 152.376
85.297 60.460 217.981 57.225 146.722 154.315
87.446 57.677 214.220 56.033 148.334 158.290
84.857 59.838 217.355 57.656 147.788 154.506
87.782 64.669 222.008 55.010 140.210 152.321
87.708 64.895 222.260 55.059 140.031 152.046
89.652 56.425 212.109 54.687 148.239 160.888
89.302 62.374 219.166 54.019 141.532 155.606
67.390 71.850 229.299 75.117 153.311 125.033
67.303 71.454 228.946 75.155 153.751 125.390
78.536 57.278 215.118 63.539 156.346 151.183
79.569 50.466 205.727 64.974 164.704 156.561
79.066 50.331 205.541 65.520 165.394 156.149
89.430 65.520 222.462 53.786 138.108 152.694
93.130 59.262 214.496 51.738 142.374 161.001
89.557 59.382 215.710 54.186 144.733 158.432
81.598 70.886 229.181 60.251 139.221 140.863
79.600 55.746 213.094 62.954 157.305 153.299
92.962 63.257 219.043 51.413 137.996 157.331
89.059 47.396 199.664 58.522 161.277 166.082
93.538 62.816 218.378 51.059 138.084 158.126
83.029 62.193 220.346 58.863 146.626 150.944
83.016 60.688 218.664 59.029 148.319 152.283
80.148 59.582 217.775 61.632 152.077 150.786
88.569 50.658 204.672 57.327 156.758 164.015
80.876 54.714 211.624 62.114 157.500 155.172
75.837 59.418 217.809 65.687 156.353 146.895
79.766 66.160 224.941 61.516 145.293 144.325
83.460 53.636 209.844 60.243 156.696 158.121
90.640 49.842 202.955 56.161 156.405 165.996
89.394 50.545 204.304 56.763 156.302 164.692
79.761 58.764 216.842 62.116 153.397 151.121
88.166 50.423 204.430 57.729 157.404 163.848
99.249 62.097 215.505 47.540 135.246 162.362
88.576 50.423 204.332 57.421 157.092 164.156
88.311 50.617 204.675 57.538 157.015 163.845
70.732 74.740 232.333 71.717 146.935 125.543
76.230 60.100 218.613 65.189 155.157 146.711
70.261 77.229 234.038 72.987 145.701 121.784
91.321 64.671 221.049 52.466 137.630 154.864
77.253 63.036 221.883 63.889 150.864 145.075
70.693 75.464 232.866 71.953 146.442 124.583
78.919 61.337 219.906 62.497 151.175 148.166
95.338 59.748 214.313 50.226 140.349 162.025
95.338 59.748 214.313 50.226 140.349 162.025
73.548 47.389 200.165 73.326 176.287 151.285
84.693 52.903 208.640 59.482 156.667 159.615
80.224 47.660 201.303 65.886 168.473 158.454
94.260 62.011 217.254 50.651 138.486 159.338
96.723 59.727 213.786 49.359 139.492 162.914
95.362 60.053 214.657 50.168 139.981 161.779
98.675 53.264 204.983 49.655 146.342 169.081
94.811 62.634 217.751 50.240 137.438 159.126
81.889 63.215 221.632 59.740 146.479 149.045
73.812 59.874 218.287 67.669 157.901 144.457
75.079 60.361 218.911 66.291 156.011 145.348
98.640 61.054 214.575 48.015 136.785 162.931
78.541 63.116 221.893 62.688 149.566 146.196
91.959 73.695 229.423 52.598 128.618 145.707
84.262 69.673 227.669 57.901 138.069 144.426
82.776 46.590 199.397 64.179 167.827 161.231
78.459 62.212 220.914 62.830 150.627 146.958
80.563 62.925 221.494 60.896 147.944 148.179
92.131 68.275 224.430 51.934 133.439 151.791
85.175 59.164 216.503 57.509 148.322 155.327
88.727 70.354 227.330 54.511 133.943 147.135
78.615 55.088 212.295 64.056 159.090 152.856
83.587 60.791 218.685 58.549 147.728 152.660
91.426 48.877 201.311 56.043 157.263 167.080
79.167 54.658 211.692 63.677 159.141 153.665
85.813 52.130 207.360 58.865 156.826 161.005
81.455 60.075 218.194 60.421 150.351 151.504
95.373 62.860 217.802 49.861 136.826 159.279
97.559 58.260 211.736 49.088 140.704 164.652
87.931 49.718 203.454 58.219 158.615 164.062
91.636 60.191 216.046 52.612 142.318 159.197
80.765 57.668 215.408 61.444 153.827 152.888
82.273 60.282 218.317 59.700 149.410 152.018
90.177 66.316 223.065 53.251 136.759 152.434
82.274 59.276 217.146 59.848 150.580 152.875
95.386 64.741 219.807 49.750 134.807 157.509
82.803 58.281 215.879 59.582 151.318 154.137
90.761 66.172 222.754 52.836 136.484 152.992
80.011 60.859 219.265 61.574 150.724 149.566
89.274 64.666 221.623 53.915 139.104 153.418
90.525 60.286 216.484 53.370 142.991 158.343
87.218 58.792 215.614 55.998 147.168 157.209
81.254 52.375 208.388 62.596 160.359 157.029
83.468 59.368 217.063 58.845 149.470 153.787
86.000 54.824 210.954 57.829 153.046 159.347
83.285 59.584 217.347 58.960 149.368 153.456
90.482 54.742 209.735 54.527 149.782 162.731
78.791 59.815 218.169 62.814 153.040 149.371
96.500 62.976 217.523 49.140 135.977 159.885
93.635 62.592 218.102 51.012 138.263 158.396
92.945 61.707 217.350 51.549 139.705 158.744
71.515 56.887 214.314 70.869 164.171 144.244
87.459 61.942 219.163 55.409 143.378 154.649
83.398 64.294 222.537 58.439 144.065 149.267
94.329 59.507 214.383 50.911 141.289 161.582
87.838 62.482 219.663 55.081 142.499 154.437
81.752 62.423 220.794 59.911 147.454 149.667
75.123 61.787 220.540 66.066 154.337 144.147
92.213 43.341 192.176 58.745 165.611 169.914
85.172 49.609 203.839 60.452 160.989 161.940
80.260 59.129 217.229 61.607 152.511 151.264
100.767 76.472 228.794 47.305 120.439 148.223
74.115 59.204 217.504 67.473 158.381 145.323
100.767 76.472 228.794 47.305 120.439 148.223
73.874 58.275 216.353 67.918 159.774 145.808
79.352 59.105 217.287 62.421 153.361 150.473
92.849 62.413 218.162 51.550 138.989 158.037
86.627 54.817 210.810 57.346 152.563 159.837
94.505 61.327 216.407 50.561 139.088 160.112
80.063 58.553 216.560 61.885 153.378 151.561
95.031 61.240 216.127 50.231 138.842 160.529
79.632 55.978 213.391 62.862 156.977 153.160
78.965 61.120 219.657 62.479 151.378 148.401
75.841 62.531 221.368 65.285 152.791 144.184
85.744 55.459 211.829 57.854 152.428 158.688
82.132 66.695 225.178 59.482 142.690 145.823
76.256 54.915 212.107 66.397 161.638 150.688
93.784 63.252 218.770 50.866 137.446 157.882
80.465 66.494 225.198 60.906 144.336 144.599
77.020 61.713 220.438 64.222 152.542 146.065
74.419 61.605 220.318 66.798 155.263 143.597
81.539 64.922 223.476 59.975 144.986 147.103
74.998 64.166 223.120 66.023 151.882 141.810
86.011 46.911 199.511 61.196 164.477 163.893
89.162 69.951 226.848 54.154 133.990 147.895
93.346 67.750 223.541 51.087 133.113 153.163
84.228 59.530 217.117 58.203 148.655 154.267
82.862 58.611 216.265 59.472 150.873 153.917
82.135 49.446 204.004 63.123 163.861 159.432
83.160 59.382 217.131 59.095 149.710 153.523
81.563 63.162 221.622 60.020 146.815 148.818
89.881 55.111 210.380 54.853 149.739 162.037
90.005 62.443 219.049 53.511 140.946 156.046
80.420 60.706 219.046 61.233 150.533 150.061
80.525 50.512 205.746 64.058 163.729 157.430
87.666 60.362 217.335 55.428 144.999 156.210
81.417 63.110 221.586 60.148 146.997 148.742
87.650 55.850 211.901 56.293 150.449 159.858
96.870 59.029 212.913 49.377 140.217 163.594
79.597 60.543 218.944 61.983 151.459 149.475
75.505 64.865 223.851 65.501 150.645 141.635
81.456 61.523 219.840 60.244 148.704 150.233
80.520 62.287 220.804 60.981 148.676 148.731
81.367 60.369 218.545 60.457 150.089 151.174
98.362 64.391 218.343 47.908 133.294 159.700
81.094 58.433 216.300 61.004 152.606 152.563
84.576 54.919 211.357 58.931 154.066 158.150
89.036 49.361 202.664 57.550 158.300 165.089
94.535 61.328 216.397 50.541 139.067 160.132
94.834 61.068 216.002 50.377 139.164 160.555
93.107 60.067 215.439 51.635 141.454 160.299
86.441 64.564 222.214 56.025 141.345 151.411
87.558 67.416 224.834 55.190 137.609 149.394
76.251 50.304 205.441 68.368 168.308 153.328
93.847 64.637 220.221 50.756 135.932 156.607
77.441 61.624 220.321 63.832 152.238 146.544
98.184 62.327 216.178 48.156 135.638 161.517
84.156 68.893 226.962 57.923 138.882 145.184
97.721 59.674 213.346 48.754 138.932 163.572
83.340 72.412 230.264 58.990 136.396 140.598
92.719 60.309 215.843 51.861 141.438 159.830
88.387 47.155 199.438 59.167 162.175 165.678
94.305 60.446 215.476 50.795 140.219 160.759
89.648 63.935 220.753 53.673 139.599 154.393
88.847 61.116 217.890 54.469 143.263 156.415
80.775 61.901 220.348 60.793 148.876 149.306
73.873 65.281 224.241 67.142 151.885 139.577
81.442 49.742 204.518 63.595 164.040 158.663
80.443 59.521 217.671 61.382 151.885 151.097
85.491 58.450 215.590 57.383 148.919 156.167
85.835 51.373 206.291 59.143 157.874 161.484
74.887 60.948 219.585 66.402 155.527 144.649
75.488 60.323 218.873 65.886 155.638 145.790
77.173 64.762 223.709 63.891 149.117 143.346
79.351 63.071 221.778 61.958 148.872 146.971
79.415 63.268 221.984 61.888 148.601 146.844
80.781 49.476 204.159 64.335 165.060 158.189
78.751 59.440 217.731 62.911 153.518 149.649
94.631 60.414 215.328 50.588 140.041 160.998
83.046 54.350 210.864 60.359 156.089 157.291
83.914 61.875 219.842 58.169 146.244 151.955
79.049 63.063 221.796 62.229 149.155 146.707
86.783 61.876 219.250 55.924 143.967 154.200
95.513 63.304 218.234 49.740 136.253 158.956
81.640 61.173 219.423 60.124 148.937 150.702
95.480 73.109 227.822 50.117 126.698 148.774
81.613 61.112 219.357 60.155 149.030 150.734
79.026 63.084 221.820 62.248 149.153 146.668
78.564 63.738 222.556 62.633 148.880 145.630
96.621 56.054 209.384 50.129 143.995 165.817
82.507 60.544 218.581 59.470 148.912 151.986
80.061 59.211 217.346 61.769 152.592 151.020
77.691 66.461 225.401 63.410 146.908 142.129
87.358 47.232 199.776 59.927 162.867 164.841
77.570 58.276 216.399 64.227 156.031 149.498
77.563 58.494 216.665 64.189 155.772 149.317
91.015 64.695 221.165 52.677 137.820 154.627
92.611 60.980 216.641 51.851 140.748 159.169
94.097 57.461 212.022 51.424 143.882 163.115
78.204 67.067 225.965 62.954 145.832 141.979
93.863 61.055 216.317 51.010 139.820 159.935
91.020 59.951 215.953 53.070 143.026 158.979
93.681 62.386 217.861 50.998 138.458 158.616
90.607 59.680 215.761 53.397 143.632 158.923
83.336 57.734 215.128 59.249 151.536 155.017
73.612 60.458 218.962 67.785 157.426 143.756
80.904 61.206 219.555 60.752 149.540 150.042
87.267 60.001 217.016 55.775 145.717 156.224
94.430 64.817 220.215 50.367 135.355 156.816
96.328 61.725 216.208 49.357 137.464 160.918
86.242 62.385 219.932 56.294 143.826 153.321
83.398 61.572 219.597 58.618 147.006 151.810
85.883 60.029 217.363 56.826 146.754 155.145
87.269 47.099 199.582 60.072 163.148 164.829
96.794 64.420 218.964 48.872 134.242 158.708
100.007 62.146 215.253 47.089 134.739 162.764
90.859 55.565 210.685 54.042 148.456 162.392
84.105 51.772 207.162 60.388 158.733 159.841
93.505 72.299 227.743 51.335 128.753 148.366
83.558 51.831 207.332 60.820 159.111 159.348
82.464 55.949 213.034 60.391 154.502 155.660
99.799 43.897 190.581 53.388 159.620 174.715
79.021 61.533 220.118 62.383 150.862 148.084
92.744 57.921 213.025 52.228 144.231 161.851
85.081 57.659 214.717 57.857 150.201 156.484
90.075 61.878 218.406 53.509 141.518 156.613
74.664 61.700 220.432 66.538 154.903 143.762
76.649 61.890 220.646 64.559 152.705 145.551
83.095 50.287 205.160 61.877 161.746 159.836
90.132 64.176 220.873 53.317 138.995 154.507
77.857 60.573 219.108 63.568 153.035 147.859
71.838 65.621 224.430 69.302 153.731 137.077
83.039 60.906 218.908 58.985 148.053 152.109
86.603 64.320 221.921 55.908 141.475 151.772
95.643 64.003 218.937 49.617 135.420 158.380
90.299 45.900 196.977 58.454 162.724 167.647
89.915 46.587 198.180 58.333 161.905 167.080
77.498 52.031 208.082 66.259 164.420 153.709
73.073 58.274 216.287 68.772 160.640 144.953
87.109 66.307 223.841 55.502 139.050 150.191
94.491 62.256 217.446 50.479 138.064 159.265
92.112 57.844 213.132 52.670 144.756 161.486
88.625 57.180 213.319 55.263 148.056 159.557
89.516 57.890 213.947 54.473 146.537 159.637
101.146 62.118 214.750 46.434 134.104 163.448
82.997 50.112 204.912 62.042 162.091 159.846
94.866 61.104 216.032 50.352 139.103 160.543
90.995 58.706 214.503 53.281 144.502 160.013
80.705 64.552 223.200 60.699 146.095 146.749
78.329 51.083 206.684 65.871 164.988 155.045
77.274 63.092 221.942 63.865 150.783 145.042
86.423 55.647 211.925 57.277 151.652 159.077
84.743 49.430 203.641 60.891 161.616 161.679
81.338 62.529 220.967 60.255 147.696 149.216
78.415 51.519 207.327 65.587 164.258 154.893
78.126 50.985 206.538 66.117 165.336 154.899
81.311 54.338 211.076 61.850 157.613 155.813
98.767 64.951 218.777 47.641 132.456 159.407
97.526 67.864 222.212 48.389 130.262 155.747
79.633 65.128 223.911 61.631 146.456 145.242
80.703 54.832 211.798 62.231 157.499 154.937
74.353 61.748 220.476 66.850 155.171 143.402
88.987 66.950 224.019 54.118 136.994 150.932
97.795 67.830 222.079 48.221 130.126 155.949
100.297 69.428 222.671 46.766 127.032 155.807
101.445 64.011 216.693 46.114 131.862 161.875
99.278 69.035 222.692 47.357 128.030 155.608
91.203 57.724 213.263 53.316 145.533 160.960
98.789 58.889 212.006 48.237 139.205 164.874
90.392 61.763 218.189 53.296 141.419 156.941
80.803 59.578 217.697 61.058 151.500 151.363
72.594 65.976 224.860 68.487 152.545 137.538
80.803 59.578 217.697 61.058 151.500 151.363
79.346 62.776 221.459 61.981 149.195 147.243
88.201 60.123 216.927 55.063 144.872 156.814
86.171 65.235 222.966 56.219 140.863 150.546
83.724 60.375 218.186 58.490 148.090 153.135
90.336 71.174 227.658 53.421 132.007 147.405
84.349 62.640 220.600 57.757 145.051 151.603
88.203 60.121 216.925 55.062 144.873 156.817
83.625 61.175 219.113 58.474 147.262 152.351
83.596 61.987 220.022 58.417 146.382 151.596
86.144 67.954 225.676 56.292 138.180 147.754
76.215 58.203 216.338 65.550 157.447 148.247
93.608 61.123 216.479 51.170 139.913 159.707
84.627 59.057 216.485 57.960 148.888 154.983
81.269 60.279 218.454 60.552 150.277 151.169
97.774 64.877 219.080 48.247 133.146 158.876
99.474 59.779 212.777 47.691 137.748 164.530
83.752 48.393 202.196 62.258 164.052 161.349
86.383 55.447 211.678 57.360 151.939 159.193
87.732 48.034 200.955 59.197 161.313 164.769
83.931 47.650 201.001 62.518 165.069 161.832
77.810 49.916 204.907 66.969 167.283 155.115
83.518 58.831 216.420 58.893 150.063 154.276
100.510 59.211 211.686 47.177 137.804 165.611
90.029 59.808 216.074 53.786 143.897 158.406
76.747 59.540 217.945 64.777 155.308 147.683
80.453 60.577 218.895 61.220 150.652 150.203
76.467 66.930 225.910 64.584 147.623 140.486
79.310 60.444 218.857 62.252 151.832 149.303
89.822 63.320 220.050 53.580 140.128 155.100
86.791 63.615 221.135 55.795 142.074 152.590
93.306 61.581 217.092 51.321 139.601 159.098
88.804 65.076 222.171 54.247 139.025 152.677
80.482 54.928 211.946 62.399 157.572 154.673
79.695 52.226 208.300 64.070 162.004 155.704
107.499 49.760 196.154 46.155 146.346 176.085
94.508 52.230 205.129 52.588 150.363 167.182
74.729 55.823 213.264 67.670 162.007 148.508
100.743 65.402 218.457 46.458 130.800 160.141
81.646 59.347 217.318 60.369 151.036 152.284
84.622 60.380 218.025 57.768 147.353 153.851
89.087 62.153 218.981 54.192 141.932 155.655
88.409 59.200 215.801 55.046 145.790 157.754
93.702 60.496 215.737 51.183 140.561 160.320
88.276 50.522 204.546 57.604 157.178 163.874
95.423 62.706 217.615 49.841 136.962 159.453
87.967 50.710 204.889 57.759 157.144 163.531
87.957 50.736 204.929 57.755 157.114 163.508
99.199 66.062 219.761 47.355 131.040 158.583
99.063 66.592 220.355 47.433 130.582 157.976
90.099 63.748 220.430 53.359 139.471 154.893
88.955 63.813 220.810 54.178 140.234 154.009
90.230 61.402 217.833 53.447 141.937 157.151
99.012 66.281 220.059 47.465 130.929 158.253
82.603 64.052 222.413 59.103 144.984 148.846
97.894 61.945 215.866 48.368 136.240 161.686
89.277 61.860 218.607 54.082 142.117 156.058
72.271 55.012 211.910 70.620 165.819 146.369
84.315 53.277 209.216 59.659 156.469 159.065
88.509 62.137 219.115 54.615 142.376 155.248
93.282 61.595 217.116 51.335 139.601 159.069
87.580 61.993 219.190 55.314 143.230 154.693
95.983 65.915 220.813 49.343 133.203 156.742
76.750 63.442 222.337 64.343 150.913 144.215
78.774 62.777 221.509 62.497 149.717 146.726
82.898 55.829 212.815 60.058 154.287 156.113
82.526 56.162 213.297 60.284 154.178 155.553
83.762 62.802 220.884 58.218 145.354 150.980
81.286 51.514 207.155 62.918 161.559 157.568
82.691 62.780 221.041 59.098 146.268 150.123
100.053 60.695 213.598 47.225 136.348 164.079
83.297 62.870 221.039 58.592 145.664 150.538
80.052 61.229 219.679 61.495 150.269 149.276
81.442 62.882 221.337 60.141 147.221 148.977
81.065 67.617 226.223 60.427 142.712 143.956
102.506 63.187 215.348 45.571 132.146 163.241
91.320 58.928 214.670 53.018 144.010 160.054
81.577 60.588 218.768 60.248 149.655 151.164
81.215 59.162 217.156 60.769 151.629 152.069
90.610 62.307 218.727 53.095 140.664 156.599
93.804 65.129 220.749 50.770 135.447 156.101
90.078 61.586 218.082 53.536 141.841 156.878
89.794 59.214 215.447 54.042 144.758 158.744
85.195 57.191 214.120 57.866 150.685 156.943
90.832 59.092 215.008 53.330 144.160 159.578
90.832 59.092 215.008 53.330 144.160 159.578
84.710 51.002 205.964 60.205 159.327 160.793
81.082 58.411 216.276 61.018 152.642 152.571
91.093 61.266 217.430 52.857 141.477 157.877
96.912 60.663 214.793 49.114 138.295 162.223
84.179 55.581 212.286 59.068 153.534 157.351
88.595 52.328 207.015 56.660 154.390 163.012
80.498 57.406 215.114 61.736 154.389 152.858
80.567 57.428 215.134 61.670 154.298 152.902
95.534 63.860 218.823 49.694 135.643 158.446
83.741 56.620 213.681 59.163 152.578 156.217
95.033 63.427 218.534 50.040 136.432 158.533
93.084 64.029 219.829 51.288 137.087 156.683
86.452 62.457 219.964 56.127 143.585 153.416
94.312 64.125 219.527 50.471 136.161 157.404
78.068 64.506 223.397 63.061 148.535 144.433
78.710 64.348 223.186 62.476 148.103 145.176
90.554 57.303 212.941 53.854 146.505 160.843
77.044 64.486 223.428 64.020 149.528 143.494
86.711 54.640 210.561 57.332 152.728 160.028
83.173 63.128 221.338 58.677 145.489 150.196
79.751 61.814 220.365 61.700 149.884 148.485
96.496 67.214 221.943 49.021 131.561 155.765
82.323 63.418 221.785 59.365 145.892 149.217
89.580 64.315 221.173 53.706 139.247 153.979
82.960 57.079 214.383 59.701 152.658 155.219
83.332 48.501 202.415 62.564 164.253 160.936
106.225 58.003 207.673 44.290 136.102 169.707
84.226 59.640 217.245 58.188 148.529 154.172
93.480 56.909 211.551 51.944 144.968 163.147
83.247 53.969 210.325 60.311 156.428 157.719
83.603 59.905 217.665 58.653 148.731 153.442
91.917 61.917 217.907 52.224 140.176 157.859
84.922 57.665 214.757 57.982 150.321 156.353
86.617 59.507 216.595 56.338 146.788 156.155
91.531 50.172 203.181 55.389 155.288 166.439
79.160 62.160 220.802 62.197 150.038 147.643
87.185 53.433 208.853 57.342 153.962 161.226
84.601 58.370 215.672 58.100 149.727 155.529
86.591 60.220 217.426 56.256 145.983 155.524
80.914 54.038 210.716 62.297 158.370 155.665
83.851 57.745 215.054 58.826 151.095 155.428
95.426 58.455 212.759 50.380 141.815 163.165
82.494 60.163 218.147 59.532 149.360 152.305
90.889 61.496 217.748 52.974 141.363 157.529
90.117 60.981 217.391 53.573 142.492 157.446
88.020 58.845 215.481 55.390 146.498 157.764
92.527 44.473 194.027 57.739 163.446 169.788
86.792 59.611 216.676 56.189 146.532 156.200
83.440 60.242 218.083 58.739 148.476 153.019
91.863 60.355 216.163 52.435 141.973 159.211
86.752 56.781 213.280 56.749 149.968 158.470
91.841 61.471 217.434 52.320 140.725 158.209
91.532 60.279 216.178 52.672 142.290 159.049
90.253 58.389 214.342 53.856 145.405 159.755
81.367 61.587 219.924 60.314 148.710 150.099
90.633 58.790 214.709 53.519 144.658 159.691
82.102 55.975 213.118 60.691 154.780 155.334
90.521 59.804 215.929 53.439 143.550 158.757
90.234 58.135 214.043 53.916 145.724 159.949
90.387 58.558 214.504 53.732 145.109 159.711
79.989 58.976 217.074 61.874 152.937 151.150
85.492 60.123 217.555 57.117 146.953 154.760
78.061 59.727 218.113 63.501 153.826 148.772
84.091 60.286 218.017 58.206 147.892 153.509
77.073 64.926 223.882 63.983 149.044 143.091
73.736 63.143 221.987 67.363 154.277 141.495
76.341 63.790 222.718 64.718 150.941 143.493
95.967 62.333 217.013 49.527 137.021 160.141
76.175 62.762 221.617 64.940 152.208 144.298
74.740 63.206 222.093 66.331 153.167 142.463
73.655 62.397 221.167 67.506 155.178 142.097
79.068 65.009 223.842 62.138 147.090 144.852
69.118 62.004 220.110 72.632 160.771 137.363
75.288 62.841 221.706 65.807 153.006 143.352
78.167 65.747 224.660 62.958 147.173 143.295
86.968 65.650 223.211 55.607 139.821 150.743
81.446 65.299 223.874 60.049 144.680 146.652
77.229 65.627 224.591 63.832 148.180 142.541
83.453 53.650 209.864 60.244 156.683 158.106
79.285 63.586 222.335 61.987 148.379 146.427
77.286 65.874 224.836 63.780 147.878 142.346
87.630 62.937 220.209 55.203 142.162 153.859
76.952 63.334 222.215 64.156 150.833 144.510
78.776 58.931 217.123 62.976 154.100 150.093
78.058 65.845 224.766 63.059 147.176 143.096
79.059 65.546 224.390 62.144 146.551 144.310
78.167 65.747 224.660 62.958 147.173 143.295
87.882 63.299 220.536 54.993 141.582 153.708
74.836 63.513 222.424 66.216 152.740 142.271
78.258 65.745 224.652 62.874 147.090 143.381
86.967 65.899 223.463 55.607 139.570 150.494
78.196 65.297 224.202 62.931 147.602 143.772
75.345 67.239 226.221 65.693 148.434 139.068
78.167 65.747 224.660 62.958 147.173 143.295
88.317 65.191 222.414 54.602 139.268 152.207
83.776 52.468 208.192 60.393 158.032 159.139
88.916 65.146 222.214 54.164 138.869 152.690
76.815 59.482 217.874 64.722 155.311 147.796
86.725 65.338 222.948 55.794 140.327 150.869
90.579 58.487 214.364 53.609 145.057 159.904
80.616 60.674 218.987 61.065 150.396 150.260
98.919 59.067 212.165 48.130 138.916 164.803
91.162 66.601 223.070 52.559 135.767 152.840
75.100 70.108 228.886 66.176 146.015 135.715
90.296 58.167 214.063 53.866 145.641 159.967
81.961 57.764 215.375 60.393 152.664 153.843
96.961 58.427 212.164 49.424 140.875 164.149
73.530 68.369 227.242 67.608 149.228 136.023
85.680 57.651 214.585 57.389 149.735 156.960
85.539 57.482 214.408 57.534 150.053 156.984
90.426 58.988 215.003 53.631 144.571 159.380
90.438 60.483 216.735 53.406 142.827 158.111
89.467 60.729 217.287 54.065 143.246 157.206
84.111 61.769 219.688 58.020 146.200 152.210
77.104 62.948 221.793 64.037 151.103 145.016
87.306 63.871 221.286 55.394 141.408 152.735
77.428 65.221 224.169 63.646 148.403 143.134
96.655 64.884 219.503 48.941 133.842 158.175
78.991 60.401 218.834 62.547 152.175 149.052
92.333 62.502 218.422 51.891 139.245 157.607
96.876 61.018 215.210 49.093 137.914 161.890
92.927 64.021 219.871 51.394 137.203 156.585
77.342 58.807 217.052 64.339 155.607 148.855
81.290 51.177 206.667 63.060 162.043 157.763
84.569 60.205 217.835 57.834 147.597 153.961
92.806 64.189 220.087 51.467 137.106 156.343
74.160 54.503 211.436 68.715 164.404 148.783
75.466 64.642 223.620 65.543 150.913 141.815
84.547 66.063 224.140 57.491 141.313 148.446
70.967 54.695 211.224 72.266 167.808 145.039
77.997 51.100 206.710 66.189 165.293 154.711
74.160 54.503 211.436 68.715 164.404 148.783
68.935 58.594 215.969 73.488 165.095 139.917
74.818 59.839 218.292 66.637 156.891 145.524
97.922 59.732 213.336 48.624 138.742 163.644
78.781 62.080 220.746 62.548 150.473 147.372
73.300 62.815 221.605 67.843 155.096 141.342
74.451 61.117 219.765 66.824 155.784 144.059
93.416 68.879 224.614 51.090 131.970 152.031
86.109 56.568 213.157 57.292 150.734 158.140
92.767 65.128 221.082 51.464 136.151 155.408
94.271 62.551 217.844 50.597 137.885 158.852
87.034 69.286 226.744 55.691 136.221 147.023
89.484 61.627 218.291 53.955 142.225 156.418
85.787 46.147 198.301 61.847 165.912 164.006
85.888 50.732 205.361 59.366 158.751 161.902
89.777 50.875 204.676 56.348 155.547 164.778
90.600 64.585 221.170 52.972 138.230 154.443
86.663 51.181 205.851 58.568 157.486 162.251
79.255 62.109 220.738 62.116 150.007 147.775
72.762 70.229 228.881 68.609 148.358 133.162
84.661 47.779 201.107 61.821 164.232 162.399
77.530 61.589 220.277 63.752 152.192 146.660
98.571 59.962 213.350 48.200 138.079 163.838
82.173 61.224 219.403 59.669 148.424 151.107
85.896 60.074 217.413 56.810 146.691 155.116
77.251 59.640 218.049 64.278 154.700 148.082
86.775 60.483 217.686 56.082 145.540 155.435
76.925 60.005 218.487 64.531 154.587 147.464
77.656 60.246 218.740 63.802 153.604 147.952
91.391 64.127 220.458 52.437 138.152 155.436
76.414 53.716 210.467 66.660 163.119 151.624
79.774 53.784 210.470 63.409 159.755 154.807
93.815 62.673 218.130 50.886 138.054 158.441
96.033 67.409 222.302 49.319 131.665 155.272
90.623 71.466 227.841 53.247 131.535 147.287
87.809 71.349 228.452 55.304 133.738 145.348
91.121 56.019 211.182 53.747 147.697 162.234
90.163 70.413 227.011 53.469 132.826 148.118
80.460 60.258 218.527 61.257 151.012 150.485
93.806 67.532 223.179 50.773 133.015 153.695
86.792 71.747 229.036 56.130 134.172 144.122
94.222 62.456 217.757 50.636 138.020 158.907
87.226 70.905 228.188 55.696 134.585 145.399
90.592 70.789 227.237 53.197 132.170 148.015
89.444 84.075 237.836 57.159 122.720 130.767
89.392 64.643 221.567 53.831 139.041 153.526
88.531 60.127 216.847 54.821 144.622 157.052
91.635 62.405 218.531 52.374 139.834 157.220
89.123 65.467 222.489 54.009 138.388 152.524
94.052 62.984 218.390 50.708 137.558 158.309
84.547 44.682 195.974 63.901 169.479 163.417
78.144 52.571 208.854 65.399 163.002 154.030
79.182 48.538 202.742 66.373 168.076 157.090
86.054 50.737 205.336 59.232 158.610 162.031
84.766 56.902 213.847 58.270 151.386 156.827
77.304 65.576 224.536 63.761 148.160 142.663
80.316 50.956 206.419 64.044 163.265 157.000
90.731 66.874 223.467 52.865 135.802 152.261
80.634 63.611 222.220 60.795 147.146 147.595
88.248 63.964 221.152 54.689 140.600 153.348
80.207 63.577 222.233 61.169 147.560 147.254
80.535 63.137 221.726 60.907 147.739 147.956
81.727 50.172 205.141 63.129 163.131 158.699
74.444 64.485 223.441 66.571 152.115 140.944
80.425 62.883 221.465 61.019 148.111 148.097
91.611 56.253 211.329 53.353 147.060 162.394
99.173 66.927 220.652 47.367 130.176 157.706
88.601 62.559 219.554 54.513 141.845 154.928
85.983 48.664 202.267 60.257 161.750 163.079
87.760 49.576 203.281 58.416 158.959 164.009
94.262 62.823 218.145 50.582 137.594 158.595
82.196 49.890 204.671 62.848 163.132 159.262
89.524 50.396 204.056 56.730 156.420 164.874
85.174 49.794 204.115 60.362 160.711 161.844
98.026 61.666 215.504 48.316 136.470 162.018
86.492 47.951 201.073 60.220 162.435 163.829
92.337 52.738 206.527 53.859 151.136 165.404
82.616 49.876 204.604 62.486 162.780 159.638
78.641 62.470 221.184 62.642 150.175 146.888
83.260 52.692 208.581 60.741 158.158 158.567
97.756 63.639 217.772 48.318 134.471 160.043
83.804 59.831 217.544 58.501 148.652 153.668
82.442 61.334 219.486 59.431 148.072 151.235
83.655 60.894 218.790 58.482 147.556 152.624
136.442 47.817 174.422 37.098 139.136 187.086
83.692 53.341 209.408 60.149 156.900 158.509
83.427 50.130 204.882 61.665 161.690 160.206
98.167 64.355 218.380 48.029 133.453 159.616
83.655 60.894 218.790 58.482 147.556 152.624
87.887 66.482 223.830 54.920 138.283 150.598
80.369 39.647 185.786 73.040 183.845 159.313
78.831 62.156 220.825 62.495 150.343 147.349
92.033 60.774 216.589 52.267 141.378 158.959
77.785 62.060 220.789 63.466 151.425 146.473
92.101 60.687 216.469 52.231 141.430 159.082
76.045 61.045 219.705 65.238 154.250 145.717
77.708 62.923 221.738 63.469 150.554 145.608
90.951 59.377 215.308 53.202 143.742 159.420
77.886 65.177 224.099 63.218 148.014 143.605
70.742 62.140 220.573 70.709 158.685 139.151
84.710 59.832 217.376 57.774 147.914 154.395
83.125 61.121 219.137 58.889 147.738 151.990
89.042 55.716 211.381 55.299 149.577 160.985
90.682 58.459 214.302 53.542 145.016 159.999
94.398 62.872 218.152 50.490 137.450 158.638
98.391 60.762 214.341 48.200 137.268 163.038
84.385 55.492 212.135 58.926 153.480 157.583
81.034 60.386 218.607 60.741 150.359 150.873
87.484 51.686 206.385 57.734 156.130 162.580
91.858 69.266 225.460 52.178 132.682 150.556
91.865 68.909 225.119 52.151 133.016 150.940
90.326 69.451 226.072 53.271 133.602 149.278
81.387 63.875 222.405 60.134 146.208 147.990
80.248 69.757 228.323 61.300 141.429 140.943
80.438 63.399 222.017 60.976 147.545 147.625
87.584 49.658 203.442 58.513 158.975 163.829
88.409 49.294 202.715 58.052 158.876 164.654
101.803 61.917 214.247 46.081 133.950 164.002
67.586 61.417 219.029 74.623 163.384 135.960
84.275 59.334 216.878 58.196 148.847 154.469
81.497 58.342 216.140 60.673 152.363 152.985
90.545 66.430 223.076 52.990 136.379 152.580
83.731 43.880 194.617 65.243 171.652 162.877
81.057 55.683 212.872 61.673 156.071 154.645
94.917 62.412 217.470 50.189 137.612 159.399
96.297 62.730 217.330 49.286 136.374 159.984
92.420 64.082 220.096 51.733 137.484 156.184
95.872 51.135 203.137 52.113 150.991 168.752
81.955 62.074 220.382 59.769 147.664 150.158
89.684 61.217 217.778 53.854 142.538 156.929
96.340 60.589 214.920 49.479 138.741 161.932
80.546 60.701 219.026 61.124 150.428 150.175
80.225 62.031 220.555 61.261 149.220 148.708
94.754 62.569 217.699 50.282 137.546 159.149
88.551 62.604 219.616 54.546 141.834 154.849
85.147 60.033 217.522 57.400 147.331 154.567
91.216 66.249 222.701 52.518 136.083 153.233
94.808 52.142 204.906 52.424 150.286 167.434
87.125 56.739 213.142 56.475 149.733 158.787
80.855 61.373 219.750 60.776 149.395 149.850
83.470 48.319 202.115 62.542 164.415 161.139
92.003 63.191 219.273 52.066 138.724 156.744
91.792 58.227 213.692 52.816 144.516 160.957
81.828 51.643 207.286 62.384 160.886 157.974
82.191 54.148 210.714 61.148 157.095 156.705
81.411 61.591 219.923 60.276 148.667 150.133
76.774 63.508 222.407 64.316 150.818 144.176
89.972 66.457 223.263 53.398 136.765 152.145
105.162 76.303 226.860 44.708 117.977 150.989
81.623 67.961 226.480 59.966 141.897 144.074
93.193 58.028 213.010 51.908 143.797 162.063
95.388 62.369 217.258 49.891 137.354 159.740
93.241 64.162 219.919 51.177 136.840 156.661
75.771 60.849 219.481 65.533 154.748 145.618
86.559 53.045 208.467 57.952 154.974 161.003
77.618 54.647 211.742 65.145 160.640 152.209
99.486 62.839 216.229 47.334 134.286 161.826
83.459 50.432 205.325 61.498 161.216 160.070
84.511 55.908 212.644 58.715 152.845 157.378
82.717 56.974 214.289 59.928 152.994 155.098
88.263 45.562 196.886 60.215 164.851 166.222
78.418 59.985 218.393 63.131 153.189 148.885
80.561 61.265 219.664 61.044 149.775 149.691
92.816 62.642 218.422 51.553 138.762 157.805
81.553 60.687 218.884 60.257 149.564 151.056
80.253 58.730 216.754 61.684 152.994 151.585
76.064 61.083 219.748 65.215 154.188 145.702
83.396 57.868 215.282 59.173 151.322 154.959
79.829 59.321 217.499 61.957 152.671 150.722
87.521 60.765 217.829 55.486 144.650 155.749
91.713 67.288 223.591 52.188 134.696 152.523
80.733 58.208 216.071 61.361 153.196 152.431
95.740 58.950 213.234 50.096 141.026 162.954
96.240 59.976 214.252 49.624 139.508 162.400
78.439 59.780 218.152 63.143 153.408 149.077
84.968 60.679 218.299 57.456 146.733 153.864
84.334 56.488 213.411 58.713 152.255 156.799
87.384 59.447 216.345 55.767 146.271 156.786
98.569 67.911 221.867 47.748 129.564 156.341
102.966 65.614 217.738 45.185 129.296 161.201
85.039 51.860 207.129 59.589 157.833 160.551
85.112 60.090 217.594 57.420 147.294 154.491
102.676 67.255 219.548 45.328 127.776 159.417
85.032 56.416 213.188 58.172 151.779 157.412
86.601 60.478 217.719 56.215 145.680 155.307
83.426 59.107 216.762 58.921 149.811 153.972
95.479 65.267 220.323 49.676 134.198 157.058
91.804 62.811 218.923 52.228 139.273 156.961
92.087 60.308 216.040 52.288 141.872 159.404
91.077 63.847 220.253 52.667 138.670 155.486
75.016 61.865 220.625 66.166 154.359 143.970
101.175 61.244 213.756 46.512 135.069 164.244
